Hook/

t1a1
Nodes	50	4810.36	3309.73	49	4535.04	2718.06
CD	50	101169	68829.2	49	95479.9	56708.4
RRTTime	50	317.093	449.902	48	239.989	213.381
ccOps	50	605.62	384.338	49	575.51	324.654
numRRTs	50	49.16	32.5284	49	46.4694	26.7903
RRTVert	50	4693.08	3245.29	49	4423.1	2665.05
Time	50	322.104	456.422	48	243.93	216.685

t1a2
Nodes	50	5486.46	3080.35	50	5486.46	3080.35
CD	50	115958	64895.1	50	115958	64895.1
RRTTime	50	370.937	351.533	50	370.937	351.533
ccOps	50	647.92	355.046	50	647.92	355.046
numRRTs	50	56.02	30.3747	50	56.02	30.3747
RRTVert	50	5357.62	3021.32	50	5357.62	3021.32
Time	50	376.896	356.739	50	376.896	356.739

t1a3
Nodes	50	1047.92	742.239	48	960.042	616.387
CD	50	164172	127471	48	149080	105961
RRTTime	50	567.908	1045.93	44	230.768	303.02
ccOps	50	264.84	178.402	49	254.694	165.317
numRRTs	50	80.4	61.7883	48	73.1458	51.5829
RRTVert	50	872.28	620.201	47	767.277	472.581
Time	50	571.494	1050.9	44	232.793	305.059

t1a4
Nodes	49	1118	624.55	49	1118	624.55
CD	49	171560	105758	47	160375	92695.5
RRTTime	49	542.349	892.389	43	238.145	256.779
ccOps	49	280.245	179.394	47	254.426	128.944
numRRTs	49	84.0612	51.1789	47	78.6596	44.8967
RRTVert	49	930.796	520.749	48	901.479	484.473
Time	49	546.021	896.924	43	240.274	258.398

t1b1
Nodes	50	2121.62	1384.91	50	2121.62	1384.91
CD	50	49502.9	30934	50	49502.9	30934
RRTTime	50	91.0355	100.256	46	70.0435	72.9512
ccOps	50	377.2	235.594	48	349.292	195.188
numRRTs	50	29.86	18.5257	50	29.86	18.5257
RRTVert	50	1778.08	1197.79	50	1778.08	1197.79
Time	50	94.6749	103.545	46	73.0019	75.4336

t1b2
Nodes	50	2212.38	1327.15	48	2054.77	1095.84
CD	50	49764.5	28796.8	49	47793.6	25533.1
RRTTime	50	76.6498	97.6983	45	50.5068	40.5312
ccOps	50	362.82	199.76	48	337.208	158.643
numRRTs	50	28.82	15.9257	48	27.0417	13.5753
RRTVert	50	1967.74	1198.09	47	1763.64	904.811
Time	50	79.1889	100.187	45	52.4261	41.9006

t1b3
Nodes	50	785.8	391.586	49	764.612	366.092
CD	50	62923.6	36682.1	49	60819.3	33935.8
RRTTime	50	104.598	110.878	45	74.5296	65.6982
ccOps	50	225.1	141.7	47	199.617	102.542
numRRTs	50	38.1	22.256	48	35.7917	19.5576
RRTVert	50	340.26	163.863	48	319.688	131.069
Time	50	108.224	113.676	45	77.4911	67.7935

t1b4
Nodes	50	710.04	374.058	48	664.375	305.837
CD	50	71821.2	45849.1	47	64829.9	37633.3
RRTTime	50	129.01	229.61	47	83.2768	73.6186
ccOps	50	180	99.0396	48	166.042	72.4888
numRRTs	50	43.12	26.6816	47	38.9787	21.6957
RRTVert	50	390.68	195.149	50	390.68	195.149
Time	50	131.691	232.508	47	85.4136	75.1049

Toggle

RRT
