Hook/

g1a1
Nodes	50	3286.3	2027.53	50	3286.3	2027.53
CD	50	71903	43812.3	50	71903	43812.3
RRTTime	50	146.7	164.198	45	102.51	100.155
ccOps	50	226.54	115.381	50	226.54	115.381
numRRTs	50	33.2	19.8273	50	33.2	19.8273
RRTVert	50	3137.84	1957.6	50	3137.84	1957.6
Time	50	153.254	171.017	45	107.144	104.137

g1a2
Nodes	50	4025.64	2411.35	49	3888.61	2234.83
CD	50	87492	51754.8	49	84569.9	48023.9
RRTTime	50	160.21	178.993	47	125.057	110.307
ccOps	50	280.12	155.689	50	280.12	155.689
numRRTs	50	40.18	23.4902	49	38.8571	21.8071
RRTVert	50	3839.16	2321.89	49	3707.67	2153.32
Time	50	169.891	189.43	47	132.734	116.939

g1a3
Nodes	50	694.62	401.452	49	664.449	344.874
CD	50	88833.9	58345.9	48	81632.1	46820.6
RRTTime	50	136.949	258.398	46	78.1806	69.8114
ccOps	50	170.46	88.7503	49	165.184	81.5192
numRRTs	50	41.12	26.7415	48	37.8542	21.6391
RRTVert	50	499.3	297.647	49	477.959	260.058
Time	50	140.2	262.148	47	86.0645	79.8043

g1a4
Nodes	50	717.44	406.289	49	689.49	359.693
CD	50	86130.7	56712	49	82261.6	50332.8
RRTTime	50	123.565	223.007	46	74.0315	78.2354
ccOps	50	183.94	113.427	49	177.224	104.275
numRRTs	50	39.88	26.3459	49	38.0612	23.2997
RRTVert	50	526.66	313.341	49	504.469	274.891
Time	50	126.713	226.095	46	76.484	80.1776

g1b1
Nodes	50	1579.58	760.777	50	1579.58	760.777
CD	50	41334	19224.9	49	40499.3	18501.5
RRTTime	50	43.2793	34.3978	46	35.5304	22.8643
ccOps	50	225.16	111.058	50	225.16	111.058
numRRTs	50	23.64	11.2512	50	23.64	11.2512
RRTVert	50	1320.92	653.476	50	1320.92	653.476
Time	50	47.4234	37.519	46	38.9521	24.8752

g1b2
Nodes	50	1749.6	1170.89	47	1528.53	717.256
CD	50	42477.6	26976.3	47	37537	17368.8
RRTTime	50	49.385	89.6677	45	28.0937	19.4825
ccOps	50	203	115.4	48	186.833	85.6603
numRRTs	50	24.08	14.8753	48	22.0417	10.5632
RRTVert	50	1561.18	1076.6	47	1356.21	652.557
Time	50	53.2749	95.4408	45	30.5935	21.1633

g1b3
Nodes	50	447.04	227.946	46	400.87	171.842
CD	50	36654.6	22254.4	49	35532	21032.2
RRTTime	50	29.3293	29.305	46	22.2249	17.191
ccOps	50	129.08	83.5255	47	112.574	53.2376
numRRTs	50	21.66	13.462	47	19.5319	10.8055
RRTVert	50	214.08	108.541	46	191.065	78.2786
Time	50	31.3284	30.7101	46	23.9077	18.1292

g1b4
Nodes	50	459.72	254.458	50	459.72	254.458
CD	50	43325.7	29928.3	49	41321.1	26703.2
RRTTime	50	32.9506	33.0451	47	26.8698	22.6222
ccOps	50	131.06	87.9908	49	123.673	71.919
numRRTs	50	24.7	17.46	48	22.7083	14.6983
RRTVert	50	262.7	153.826	48	245.646	131.473
Time	50	34.7641	34.1303	47	28.5188	23.5605

Gauss

RRT
