Hook/

t2a1

t2a2

t2a3

t2a4

t2a5

t2a6

t2b1

t2b2

t2b3
Nodes	50	2647.88	1728.39	47	2317.38	1074.85
CD	50	56748.2	36566.7	47	49715.3	22400.5
RRTTime	50	107.137	136.456	46	71.4388	54.0949
ccOps	50	676.02	442.457	47	593.66	295.175
numRRTs	50	61.02	38.5966	47	53.7872	25.1438
RRTVert	50	2180.8	1452.58	47	1909.04	937.358
Time	50	114.819	145.691	46	76.7966	57.4097

t2b4
Nodes	50	2212.38	1327.15	48	2054.77	1095.84
CD	50	49764.5	28796.8	49	47793.6	25533.1
RRTTime	50	61.195	57.875	48	53.5297	43.7122
ccOps	50	362.82	199.76	48	337.208	158.643
numRRTs	50	28.82	15.9257	48	27.0417	13.5753
RRTVert	50	1967.74	1198.09	47	1763.64	904.811
Time	50	63.3432	59.5432	49	58.3954	48.9254

t2b5
Nodes	50	2737.02	1587.69	49	2621.45	1379.99
CD	50	64216.6	36228.5	49	61464.4	30992.9
RRTTime	50	121.14	107.321	48	106.565	78.5468
ccOps	50	252.72	127.277	49	243.796	112.019
numRRTs	50	20.02	10.6217	49	19.1837	8.95265
RRTVert	50	2555.22	1500.58	49	2446.63	1306.96
Time	50	122.874	108.536	48	108.134	79.4163

t2b6

Toggle
