Hook/

o2a1

o2a2

o2a3

o2a4

o2a5

o2a6

o2b1

o2b2
Nodes	49	2636.94	1776.82	47	2435.66	1514.89
CD	49	90472.8	60070.3	46	80479.8	46908.5
RRTTime	49	88.0943	140.019	42	39.0528	31.6697
ccOps	49	1522.04	1237.19	47	1348.32	923.466
numRRTs	49	103.551	70.6792	48	99.1875	64.5496
RRTVert	49	1433.96	960.971	48	1378.25	889.175
Time	49	125.588	189.783	42	59.1518	46.9145

o2b3
Nodes	50	1009.64	831.183	46	813.065	506.266
CD	50	32098.8	25487.3	47	27361.6	17610.1
RRTTime	50	20.1221	29.4737	46	12.5305	11.5359
ccOps	50	269.18	253.403	46	207.152	129.574
numRRTs	50	24.74	20.4576	47	20.9362	14.1021
RRTVert	50	694.98	585.623	46	555.587	354.562
Time	50	24.9692	36.4426	46	15.6696	14.4222

o2b4
Nodes	50	792.38	453.236	49	764.184	412.145
CD	50	23238.2	11995.5	49	22480	10866.4
RRTTime	50	14.7517	12.1928	49	13.7622	10.1363
ccOps	50	136.5	89.5101	48	122.708	59.1323
numRRTs	50	12.54	6.37875	49	12.1633	5.86705
RRTVert	50	628.3	374.982	50	628.3	374.982
Time	50	16.4991	13.6316	48	14.7044	10.3635

o2b5
Nodes	50	1051.68	585.883	46	922.783	403.7
CD	50	27852.8	14883	47	25294.4	11229
RRTTime	50	26.9784	24.612	47	22.261	16.1653
ccOps	50	95.76	42.7072	49	93.2857	39.4337
numRRTs	50	9.2	4.6	46	8.23913	3.35044
RRTVert	50	931.1	543.432	46	813.239	380.948
Time	50	28.2812	25.6337	47	23.3465	16.7814

o2b6

OBPRM
