Hook/

g2a1

g2a2

g2a3

g2a4

g2a5

g2a6

g2b1

g2b2

g2b3
Nodes	50	655.6	363.486	49	636.224	340.658
CD	50	36973.2	21827.9	47	33437.5	17267.4
RRTTime	50	38.1851	61.2688	44	19.7615	19.034
ccOps	50	207.14	145.229	47	180.851	95.2799
numRRTs	50	34.76	22.5314	49	33.3265	20.3784
RRTVert	50	296.96	175.895	49	284.898	155.872
Time	50	42.1755	65.0986	44	22.5286	20.7099

g2b4
Nodes	50	447.04	227.946	46	400.87	171.842
CD	50	36654.6	22254.4	49	35532	21032.2
RRTTime	50	30.4339	31.3378	46	23.5077	21.1298
ccOps	50	129.08	83.5255	47	112.574	53.2376
numRRTs	50	21.66	13.462	47	19.5319	10.8055
RRTVert	50	214.08	108.541	46	191.065	78.2786
Time	50	32.5201	32.9125	46	25.2664	22.2897

g2b5
Nodes	50	310.82	177.011	50	310.82	177.011
CD	50	39193.4	28820	50	39193.4	28820
RRTTime	50	43.0268	39.0659	50	43.0268	39.0659
ccOps	50	87.42	52.5255	49	84.3265	48.3399
numRRTs	50	13.22	9.06486	50	13.22	9.06486
RRTVert	50	161.14	91.598	48	149.562	73.4075
Time	50	44.3685	39.9829	50	44.3685	39.9829

g2b6
Nodes	50	246.26	141.813	46	212.913	80.2035
CD	50	59189	45985.3	48	53530.3	37441.4
RRTTime	50	96.9837	92.0293	48	84.5192	68.3776
ccOps	50	66.28	37.7905	44	54.75	21.0844
numRRTs	50	8.82	6.14716	48	8.04167	4.91154
RRTVert	50	135.68	86.5167	48	122.771	48.898
Time	50	97.7818	92.572	48	85.2279	68.6809

Gauss
