Hook/

u1a1
Nodes	50	7490.2	5073.36	48	6865.21	4099.65
CD	50	173445	115616	48	159257	93830.2
RRTTime	50	1231.62	2742.47	44	450.073	424.744
ccOps	50	571.4	381.158	48	522.5	296.691
numRRTs	50	70.96	47.539	48	65.0625	38.2309
RRTVert	50	6918.4	4742.44	48	6331.44	3820.91
Time	50	1289.31	2825.94	44	481.577	453.609

u1a2
Nodes	50	7180.96	3824.84	50	7180.96	3824.84
CD	50	165838	87233.9	50	165838	87233.9
RRTTime	50	774.391	1187.11	44	409.589	342.35
ccOps	50	531.56	242.619	50	531.56	242.619
numRRTs	50	68	35.7844	50	68	35.7844
RRTVert	50	6626.38	3575.88	50	6626.38	3575.88
Time	50	820.205	1231.94	44	440.562	364.707

u1a3
Nodes	50	1892.18	1095.96	50	1892.18	1095.96
CD	50	232675	146864	49	224373	136247
RRTTime	50	6483.27	12691.7	43	2043.28	3410.92
ccOps	50	427.52	239.18	50	427.52	239.18
numRRTs	50	92.32	59.6478	50	92.32	59.6478
RRTVert	50	960.96	581.291	50	960.96	581.291
Time	50	6549.78	12801.7	43	2071.88	3445.23

u1a4
Nodes	47	1817.13	909.28	47	1817.13	909.28
CD	47	214767	116270	47	214767	116270
RRTTime	47	4722.15	9759.66	42	2065.16	2572.51
ccOps	47	424.511	227.25	46	410.739	209.407
numRRTs	47	84.7872	47.6579	47	84.7872	47.6579
RRTVert	47	931.404	512.633	46	901.826	476.851
Time	47	4775.77	9835.81	42	2096.63	2602.57

u1b1
Nodes	50	3675.78	2715.82	49	3424.76	2091.78
CD	50	108425	78127.9	49	101264	60530.6
RRTTime	50	459.642	1257.33	45	170.934	163.651
ccOps	50	493.5	343.792	49	463.163	273.11
numRRTs	50	41.52	30.8066	49	38.6939	23.8552
RRTVert	50	2673.9	2050.29	49	2480.51	1555.48
Time	50	504.594	1338.22	45	196.515	186.791

u1b2
Nodes	50	4053.26	3123.29	47	3490.02	2185.78
CD	50	112500	81993.2	47	97788	58228.7
RRTTime	50	301.356	553.882	42	112.228	104.545
ccOps	50	486.72	339.244	47	428.489	254.718
numRRTs	50	44.2	33.3922	47	38.2766	23.8423
RRTVert	50	3165.96	2554.11	48	2818.5	1912.35
Time	50	338.533	604.07	42	130.597	122.368

u1b3
Nodes	49	1438.02	858.07	49	1438.02	858.07
CD	49	113516	71546.3	49	113516	71546.3
RRTTime	49	574.857	1114.11	45	284.089	365.166
ccOps	49	328.551	187.769	49	328.551	187.769
numRRTs	49	38.8776	25.9172	49	38.8776	25.9172
RRTVert	49	291.694	168.844	48	281.312	154.342
Time	49	600.223	1144.91	45	301.643	380.135

u1b4
Nodes	49	1379.53	808.211	49	1379.53	808.211
CD	49	116604	73892.8	49	116604	73892.8
RRTTime	49	505.947	746.069	42	229.883	309.482
ccOps	49	328.061	195.938	49	328.061	195.938
numRRTs	49	42.8571	29.1176	49	42.8571	29.1176
RRTVert	49	345.898	202.106	49	345.898	202.106
Time	49	526.067	766.223	42	243.142	321.547

Uniform

RRT
Nodes	45	20036.1	9900.21	45	20036.1	9900.21
CD	45	363893	185039	45	363893	185039
Time	45	10709	8349.89	45	10709	8349.89
