Hook/

u2a1

u2a2

u2a3

u2a4

u2a5

u2a6

u2b1

u2b2

u2b3
Nodes	50	4769.14	2871.84	47	4285.68	2207.69
CD	50	144141	80231.3	48	135208	68628.3
RRTTime	50	350.53	478.095	46	232.96	205.332
ccOps	50	971.48	570.407	49	937.653	524.205
numRRTs	50	85.52	54.4159	47	76.4043	42.0008
RRTVert	50	3122.28	2096.56	46	2670.78	1474.84
Time	50	434.594	561.724	46	297.394	253.206

u2b4
Nodes	50	4053.26	3123.29	47	3490.02	2185.78
CD	50	112500	81993.2	47	97788	58228.7
RRTTime	50	217.505	407.973	44	106.208	92.2959
ccOps	50	486.72	339.244	47	428.489	254.718
numRRTs	50	44.2	33.3922	47	38.2766	23.8423
RRTVert	50	3165.96	2554.11	48	2818.5	1912.35
Time	50	246.682	447.038	44	123.055	105.992

u2b5
Nodes	50	4498.24	3365.39	49	4279.49	3027.28
CD	50	117436	84694.3	49	111748	75508.2
RRTTime	50	432.398	561.513	46	309.178	339.164
ccOps	50	311.38	210.861	48	287.792	179.965
numRRTs	50	28.02	20.1965	49	26.7347	18.2654
RRTVert	50	3940.64	3041.11	49	3745.61	2745.05
Time	50	457.234	594.521	45	302.634	322.358

u2b6

Uniform
