Hook/

o1a1
Nodes	50	1861.26	1003.47	50	1861.26	1003.47
CD	50	43855.2	22782.7	50	43855.2	22782.7
RRTTime	50	45.2792	39.1258	48	40.4689	31.781
ccOps	50	158.18	74.6511	49	152.918	65.5918
numRRTs	50	19.18	9.7912	50	19.18	9.7912
RRTVert	50	1734.44	959.114	50	1734.44	959.114
Time	50	47.9367	41.1203	48	42.8575	33.3435

o1a2
Nodes	50	1794.68	1058.88	49	1723.65	944.392
CD	50	41930.2	23048.1	48	39174.4	18985.9
RRTTime	50	31.2929	25.9323	47	26.8511	19.6077
ccOps	50	151.84	80.7882	47	137.702	59.1363
numRRTs	50	18.5	10.333	48	17.25	8.46439
RRTVert	50	1670.78	1014.13	49	1603.14	905.927
Time	50	33.6912	27.9502	47	28.8246	20.8193

o1a3
Nodes	50	447.96	172.189	50	447.96	172.189
CD	50	49584.6	23082.9	50	49584.6	23082.9
RRTTime	50	28.3607	18.8898	46	24.5713	14.421
ccOps	50	127.02	49.8034	50	127.02	49.8034
numRRTs	50	21.32	9.97886	50	21.32	9.97886
RRTVert	50	288.28	118.22	50	288.28	118.22
Time	50	29.7632	19.5527	46	25.8473	14.9482

o1a4
Nodes	50	523.12	282.66	48	492.583	244.772
CD	50	55805.9	34678.8	47	50084.6	27085.4
RRTTime	50	41.2666	42.7973	44	28.2418	24.2308
ccOps	50	144.2	82.6102	49	138.286	72.2134
numRRTs	50	24.02	14.9245	47	21.5319	11.559
RRTVert	50	350.94	196.061	47	319.319	154.992
Time	50	43.1346	44.252	44	29.7011	25.2474

o1b1
Nodes	50	792.38	453.236	49	764.184	412.145
CD	50	23238.2	11995.5	49	22480	10866.4
RRTTime	50	12.7523	9.24373	48	11.6528	7.66481
ccOps	50	136.5	89.5101	48	122.708	59.1323
numRRTs	50	12.54	6.37875	49	12.1633	5.86705
RRTVert	50	628.3	374.982	50	628.3	374.982
Time	50	14.2956	10.3141	48	13.0568	8.50739

o1b2
Nodes	50	1093.6	715.698	49	1037.37	603.798
CD	50	29193.1	17333.6	48	26984.8	13685.8
RRTTime	50	17.1058	15.1646	48	14.8763	10.6739
ccOps	50	143.84	86.4496	49	136.061	67.8276
numRRTs	50	15.46	9.61293	48	14.2083	7.55524
RRTVert	50	940.36	644.831	49	888.776	539.671
Time	50	18.8576	16.5885	48	16.3906	11.5309

o1b3
Nodes	50	345.76	151.673	49	333.041	124.038
CD	50	26260.5	13663.5	49	25149.9	11350.6
RRTTime	50	15.1754	15.5641	49	13.302	8.46762
ccOps	50	108	62.5303	48	98.2917	38.4187
numRRTs	50	13.94	7.18724	49	13.4286	6.29545
RRTVert	50	162.96	68.2744	49	158.102	59.8042
Time	50	16.5678	16.5229	49	14.5856	9.06184

o1b4
Nodes	50	395	216.797	48	367.938	173.216
CD	50	34209.4	22438.8	48	31180.4	17046.3
RRTTime	50	24.3096	34.1036	46	16.0794	12.8026
ccOps	50	116.66	64.0957	49	112.653	58.2179
numRRTs	50	17.6	11.5256	48	16.0208	8.69025
RRTVert	50	215.66	117.598	48	200.333	91.8196
Time	50	25.8563	35.4526	46	17.3064	13.5524

OBPRM

RRT
