2DHeterogeneous

g1a1
Nodes	50	1489.42	1525.46	45	1065.58	591.573
CD	50	90299	62888	47	77662.6	38182.6
RRTTime	50	6.36799	2.13075	50	6.36799	2.13075
ccOps	50	372.44	285.864	47	311.957	149.724
numRRTs	50	12.56	2.04118	50	12.56	2.04118
RRTVert	50	314.66	70.6653	50	314.66	70.6653
Time	50	39.355	84.0693	41	14.4698	7.15735

g1a2
Nodes	50	1866.3	1646.27	48	1656.98	1284.53
CD	50	108278	68654.7	49	103650	61146.1
RRTTime	50	6.28876	2.33698	50	6.28876	2.33698
ccOps	50	457.5	332.707	48	414.167	260.931
numRRTs	50	12.44	1.90955	50	12.44	1.90955
RRTVert	50	321.78	87.5695	50	321.78	87.5695
Time	50	48.7984	77.2291	44	26.3724	25.9797

g1a3
Nodes	50	1368.08	1337.76	47	1106.09	728.187
CD	50	101699	59354	47	91066.2	40954
RRTTime	50	8.84942	4.45051	48	8.25144	3.35769
ccOps	50	389.26	260.53	48	349.729	159.666
numRRTs	50	14.48	2.43508	49	14.3265	2.20748
RRTVert	50	164.9	29.2467	50	164.9	29.2467
Time	50	51.7175	128.492	43	20.3442	14.1697

g1a4
Nodes	50	1590.98	1375.68	47	1322.19	811.233
CD	50	112235	60285.2	49	107548	51088.9
RRTTime	50	8.83331	4.80193	47	7.96085	3.39171
ccOps	50	446.44	267.821	48	410.604	198.089
numRRTs	50	13.78	2.47621	50	13.78	2.47621
RRTVert	50	171.04	36.1392	49	173.061	33.592
Time	50	58.9841	150.563	46	28.5873	20.6485

g1b1
Nodes	50	1902.92	1495.13	46	1541.83	834.936
CD	50	116720	60714.3	48	109138	48900.5
RRTTime	50	3.35057	0.733914	50	3.35057	0.733914
ccOps	50	609.44	322.583	46	535.761	209.323
numRRTs	50	10.14	1.87627	50	10.14	1.87627
RRTVert	50	120.58	25.9516	50	120.58	25.9516
Time	50	40.153	51.6244	45	25.0329	17.4795

g1b2
Nodes	50	1808.06	1159.58	47	1610.3	880.827
CD	50	114097	50423	50	114097	50423
RRTTime	50	3.66422	1.10383	48	3.53419	0.912803
ccOps	50	578.16	256.533	48	546.021	206.351
numRRTs	50	10.82	1.96662	50	10.82	1.96662
RRTVert	50	140.98	29.9937	50	140.98	29.9937
Time	50	34.3905	31.3553	46	26.7243	17.628

g1b3
Nodes	50	1929.38	1449.26	47	1655.51	889.137
CD	50	121058	58598.4	49	116465	49487.8
RRTTime	50	3.75089	1.02581	50	3.75089	1.02581
ccOps	50	628.96	311.162	49	604.714	263.448
numRRTs	50	10.42	2.16416	47	10.0851	1.76044
RRTVert	50	95.96	24.6641	50	95.96	24.6641
Time	50	41.8756	50.9326	48	33.8532	25.3984

g1b4
Nodes	50	1932.08	1277.02	50	1932.08	1277.02
CD	50	121730	56316.5	50	121730	56316.5
RRTTime	50	4.14169	1.05435	48	4.00612	0.798907
ccOps	50	598.7	261.444	50	598.7	261.444
numRRTs	50	11.42	2.06969	50	11.42	2.06969
RRTVert	50	115.08	25.8223	49	113.592	23.8678
Time	50	38.5535	34.131	46	30.9365	23.0016

Gauss
Nodes	50	3521.4	2419.97	48	3192.56	1781.66
CD	50	183920	79066.9	49	177996	68005.8
Time	50	77.1716	92.9718	43	48.1244	30.9951
