2DHeterogeneous

g2a1
Nodes	50	2555.86	2280.86	46	2028.54	1175.65
CD	50	141240	79573	48	130395	58781.6
RRTTime	50	1.02416	0.2307	49	1.01052	0.212133
ccOps	50	823.84	452.668	47	740.234	292.342
numRRTs	50	15.8	2.71293	50	15.8	2.71293
RRTVert	50	119.16	21.2343	50	119.16	21.2343
Time	50	62.0967	103.555	44	31.514	22.9239

g2a2
Nodes	50	2021.92	1274.15	48	1849.35	963.589
CD	50	122425	53467.8	49	118861	47770.5
RRTTime	50	1.80169	0.491643	49	1.77471	0.458541
ccOps	50	641.78	287.654	47	595.255	227.136
numRRTs	50	14.96	2.38294	50	14.96	2.38294
RRTVert	50	164.2	28.9213	49	162.633	27.0311
Time	50	37.4779	41.4353	47	28.6592	19.395

g2a3
Nodes	50	1599.42	1477.29	46	1223.91	656.483
CD	50	98280.7	61084.9	46	83887.8	36436.5
RRTTime	50	3.49303	1.03906	49	3.42601	0.936533
ccOps	50	475.5	333.956	46	389.174	155.752
numRRTs	50	13.34	2.65789	50	13.34	2.65789
RRTVert	50	229.42	40.9903	50	229.42	40.9903
Time	50	30.7467	49.3376	43	15.621	8.51454

g2a4
Nodes	50	1489.42	1525.46	45	1065.58	591.573
CD	50	90299	62888	47	77662.6	38182.6
RRTTime	50	6.0842	2.22038	49	5.96391	2.07539
ccOps	50	372.44	285.864	47	311.957	149.724
numRRTs	50	12.56	2.04118	50	12.56	2.04118
RRTVert	50	314.66	70.6653	50	314.66	70.6653
Time	50	33.6746	65.9935	42	13.7498	6.0063

g2a5
Nodes	50	1378.58	1240.81	46	1072.93	464.828
CD	50	81726.9	52273.7	46	69191.3	26625.1
RRTTime	50	13.1198	5.99914	48	12.3346	4.68706
ccOps	50	290.36	257.964	45	222.356	90.9875
numRRTs	50	11.74	2.05728	49	11.5918	1.79476
RRTVert	50	511.82	163.911	50	511.82	163.911
Time	50	34.824	59.4664	46	21.5362	10.3345

g2a6
Nodes	50	1571.92	1324.61	44	1179.57	529.805
CD	50	86157	51658.6	46	74425	29829.6
RRTTime	50	35.609	18.4294	50	35.609	18.4294
ccOps	50	246.9	217.021	47	204.298	107.837
numRRTs	50	10.22	1.72383	49	10.102	1.52857
RRTVert	50	838.14	357.107	50	838.14	357.107
Time	50	67.9138	147.628	47	42.8053	23.8395

g2b1
Nodes	50	2525.48	2215.35	45	1919	842.618
CD	50	142770	75398.4	46	125291	42605.5
RRTTime	50	0.677037	0.151634	50	0.677037	0.151634
ccOps	50	906.22	521.196	46	784.37	243.488
numRRTs	50	10.68	2.03411	48	10.8958	1.77059
RRTVert	50	68.04	12.6775	49	68.9592	11.0342
Time	50	58.5014	100.812	45	30.9488	18.5177

g2b2
Nodes	50	2730.6	4469.77	46	1758.7	817.199
CD	50	142439	119854	47	117867	41413.6
RRTTime	50	1.05812	0.295211	49	1.0417	0.274676
ccOps	50	864.34	860.165	46	674.065	191.789
numRRTs	50	10.8	2.26274	50	10.8	2.26274
RRTVert	50	85.64	18.0164	50	85.64	18.0164
Time	50	110.455	459.611	45	25.3593	15.838

g2b3
Nodes	50	2441.32	1685.54	47	2136.36	1198.82
CD	50	140518	65024.1	49	136523	59298.6
RRTTime	50	1.80559	0.595763	49	1.77065	0.548772
ccOps	50	768.88	372.859	48	723.083	303.9
numRRTs	50	9.9	2.05183	48	9.6875	1.80458
RRTVert	50	99.72	21.9627	50	99.72	21.9627
Time	50	50.5755	57.7719	44	32.2665	23.2138

g2b4
Nodes	50	1902.92	1495.13	46	1541.83	834.936
CD	50	116720	60714.3	48	109138	48900.5
RRTTime	50	3.04326	0.736705	50	3.04326	0.736705
ccOps	50	609.44	322.583	46	535.761	209.323
numRRTs	50	10.14	1.87627	50	10.14	1.87627
RRTVert	50	120.58	25.9516	50	120.58	25.9516
Time	50	35.6728	46.352	45	22.0081	15.0833

g2b5
Nodes	50	1772.58	1902.42	46	1307.8	694.817
CD	50	108322	69970.5	47	94652	41051
RRTTime	50	6.15492	1.85039	50	6.15492	1.85039
ccOps	50	546.36	372.296	46	456.652	184.135
numRRTs	50	9.98	2.01484	50	9.98	2.01484
RRTVert	50	149.2	51.0133	49	144.776	40.9471
Time	50	39.5639	73.5009	45	21.5369	11.5733

g2b6
Nodes	50	1534.86	1254.06	46	1251.04	769.767
CD	50	101104	56260.1	49	97217.8	49746.4
RRTTime	50	14.4286	4.63994	48	13.9311	4.02855
ccOps	50	476.76	300.858	46	408.13	178.188
numRRTs	50	9.84	1.79287	49	9.93878	1.67098
RRTVert	50	193.5	82.2956	49	188.408	74.9296
Time	50	36.3277	32.0974	43	25.4785	9.36525

Gauss
Nodes	50	3521.4	2419.97	48	3192.56	1781.66
CD	50	183920	79066.9	49	177996	68005.8
Time	50	77.1716	92.9718	43	48.1244	30.9951
