2DHeterogeneous

t1a1
Nodes	50	988.44	531.883	47	884.511	316.304
CD	50	62536.6	34328.5	47	55790.5	21126.4
RRTTime	50	14.1669	6.85698	48	13.3791	5.78058
ccOps	50	421.64	132.927	45	389.778	95.8322
numRRTs	50	20.48	5.15457	50	20.48	5.15457
RRTVert	50	675.74	240.367	49	662.408	223.76
Time	50	18.1957	12.1038	47	15.7718	6.43694

t1a2
Nodes	50	950.52	444.944	48	887.375	311.096
CD	50	60984.3	29004.9	47	55221.1	17239.4
RRTTime	50	13.1536	6.65169	46	11.6743	4.11757
ccOps	50	401.94	135.506	48	387.458	117.82
numRRTs	50	20.64	4.80317	50	20.64	4.80317
RRTVert	50	664.02	220.648	50	664.02	220.648
Time	50	16.6427	10.3714	47	14.6315	5.49777

t1a3
Nodes	50	613.52	374.203	48	553.667	235.297
CD	50	73317.3	36739.9	48	68588.1	29095.8
RRTTime	50	18.7083	14.0861	48	16.5348	9.14916
ccOps	50	292.86	96.7857	48	281.104	79.2954
numRRTs	50	22.4	5.26118	50	22.4	5.26118
RRTVert	50	231.02	41.0256	50	231.02	41.0256
Time	50	24.0419	21.6714	48	20.3078	11.5932

t1a4
Nodes	50	657.08	718.644	48	516.75	163.312
CD	50	70590.9	43733.4	48	62871.6	21963.8
RRTTime	50	17.1597	14.4269	48	14.6802	7.81195
ccOps	50	303.14	146.382	48	276.271	65.1258
numRRTs	50	21.94	4.89657	50	21.94	4.89657
RRTVert	50	241.44	42.5018	50	241.44	42.5018
Time	50	30.5872	68.0376	48	17.9375	9.55798

t1b1
Nodes	50	1150.06	681.705	45	955.622	294.708
CD	50	87612.9	36932.2	46	79390.1	24451.2
RRTTime	50	4.04437	1.08498	48	4.03551	0.963958
ccOps	50	479.22	146.592	46	445.283	90.6291
numRRTs	50	10.66	2.02593	50	10.66	2.02593
RRTVert	50	148.24	33.5783	50	148.24	33.5783
Time	50	20.8278	20.4278	44	14.7064	5.58006

t1b2
Nodes	50	1186.1	596.026	47	1077.77	416.094
CD	50	90390.3	36402.8	49	88128.6	33112.5
RRTTime	50	5.52344	1.50781	48	5.37002	1.33406
ccOps	50	490.3	157.757	49	480.347	142.975
numRRTs	50	14.52	2.77301	49	14.3469	2.51973
RRTVert	50	195.16	39.2293	50	195.16	39.2293
Time	50	22.0782	15.8433	46	18.3084	8.64244

t1b3
Nodes	50	1399.02	999.359	44	1084.11	418.276
CD	50	101893	46578.8	47	93907.6	34834.2
RRTTime	50	5.21601	1.32764	49	5.13736	1.22039
ccOps	50	531.42	233.795	44	458.955	126.205
numRRTs	50	12.02	2.2315	48	11.7917	1.96806
RRTVert	50	128.82	26.956	48	125.833	23.0952
Time	50	32.5105	44.3922	44	20.0434	9.6798

t1b4
Nodes	50	1484	1448.5	43	980.233	440.684
CD	50	101664	60038.6	45	85916.8	37268.6
RRTTime	50	7.12863	2.61633	50	7.12863	2.61633
ccOps	50	539.04	273.467	48	501.792	201.258
numRRTs	50	15.74	2.84823	50	15.74	2.84823
RRTVert	50	155.66	29.3214	50	155.66	29.3214
Time	50	45.5638	88.87	43	19.2994	10.3379

Toggle
Nodes	50	4147	4442.83	44	2622.73	1198.22
CD	50	186669	90105.4	44	157439	43017.4
Time	50	279.032	583.312	43	76.9592	56.3341
