2DHeterogeneous/

o2a1
Nodes	50	3936.32	4508.02	47	2953.7	1418
CD	50	166247	104527	47	144380	47714
RRTTime	50	2.47772	0.987244	48	2.345	0.747936
ccOps	50	1026.86	860.387	46	824.087	297.259
numRRTs	50	24.8	3.88844	49	24.5102	3.35104
RRTVert	50	190.02	29.7183	49	187.673	25.0179
Time	50	181.261	504.682	44	64.7831	42.6245

o2a2
Nodes	50	3050.88	3129.25	48	2485.21	1384.78
CD	50	141046	80412.7	48	127736	47017
RRTTime	50	4.21744	1.62885	48	3.98671	1.19411
ccOps	50	694.24	601.805	48	587.625	296.917
numRRTs	50	22.16	2.8097	48	21.8542	2.42375
RRTVert	50	251.2	33.0024	48	251.062	28.9233
Time	50	99.3789	198.205	42	42.9876	29.974

o2a3
Nodes	50	2087.86	1752.74	46	1679.46	1072.13
CD	50	107495	60852.8	48	100379	50906.1
RRTTime	50	6.91971	2.73703	46	6.311	1.64036
ccOps	50	393.68	345.081	46	312.065	208.533
numRRTs	50	18.22	2.74438	50	18.22	2.74438
RRTVert	50	353.6	61.4401	50	353.6	61.4401
Time	50	53.8043	69.8171	43	29.7133	24.1647

o2a4
Nodes	50	1519.1	1411.04	47	1249.15	933.959
CD	50	81322	56345.6	48	74807.2	47320.1
RRTTime	50	11.1715	6.30108	46	9.63962	3.50527
ccOps	50	227.96	304.259	47	166.17	169.317
numRRTs	50	14.9	2.32594	46	14.8913	1.92499
RRTVert	50	455.56	108.089	50	455.56	108.089
Time	50	40.6592	57.8713	41	18.1635	10.8557

o2a5
Nodes	50	1226.6	741.756	46	1057.33	486.39
CD	50	66814.8	35791.7	46	59241	25935.3
RRTTime	50	20.7314	13.0033	49	19.3882	9.07339
ccOps	50	106.28	122.899	44	66.4773	57.9465
numRRTs	50	12.46	1.89958	50	12.46	1.89958
RRTVert	50	696.58	199.267	50	696.58	199.267
Time	50	32.6518	29.5951	45	24.1929	13.0478

o2a6
Nodes	50	1746.16	1808.27	47	1430.02	567.678
CD	50	75841.8	51792.8	47	66455.1	22088.3
RRTTime	50	58.8088	35.1388	49	56.5521	31.7066
ccOps	50	93.56	313.322	44	32.7955	34.9698
numRRTs	50	10.3	2.0025	50	10.3	2.0025
RRTVert	50	1250.12	424.463	50	1250.12	424.463
Time	50	87.7121	169.142	48	61.5413	36.6314

// OLD
o2b1
Nodes	50	3712.9	3532.9	45	2758.49	1436.9
CD	50	162531	88317.5	47	145158	52935.9
RRTTime	50	1.23191	0.264173	50	1.23191	0.264173
ccOps	50	1077.42	660.379	47	945.021	371.53
numRRTs	50	17.94	2.85944	49	18.1429	2.50713
RRTVert	50	121.84	18.5573	49	123.122	16.4064
Time	50	133.622	300.555	43	54.2464	43.1509

o2b2
Nodes	50	3609.34	4124.8	47	2765.38	1682.07
CD	50	155419	101919	48	139335	61960.5
RRTTime	50	1.72644	0.428676	48	1.67772	0.359554
ccOps	50	950.88	789.149	47	790.532	376.664
numRRTs	50	16.46	2.84401	50	16.46	2.84401
RRTVert	50	142.68	21.8737	50	142.68	21.8737
Time	50	127.537	346.861	46	54.2416	46.1375

o2b3
Nodes	50	3021.3	2545.56	47	2516.04	1537.97
CD	50	142062	73363.5	48	132463	57200.3
RRTTime	50	3.16324	1.03333	49	3.08216	0.872299
ccOps	50	738.24	522.049	48	671.438	414.552
numRRTs	50	15.36	2.93775	47	14.8511	2.16332
RRTVert	50	174.66	29.1538	50	174.66	29.1538
Time	50	73.4516	113.37	47	48.2911	40.5549

o2b4
Nodes	50	3363.56	3761.22	46	2428.22	1672.73
CD	50	147455	97653	47	128707	62237.1
RRTTime	50	5.57115	1.47702	47	5.45868	1.15895
ccOps	50	726.3	720.806	47	581.255	397.967
numRRTs	50	14.5	2.59422	50	14.5	2.59422
RRTVert	50	217.82	34.2086	49	215.857	31.646
Time	50	113.385	253.463	44	43.3498	36.2019

o2b5
Nodes	50	2135.18	1828.02	48	1874.19	1331.16
CD	50	110430	63250.8	48	102915	52469.1
RRTTime	50	10.5012	2.87508	49	10.6427	2.72646
ccOps	50	452	380.661	48	406.854	315.897
numRRTs	50	13.82	2.38906	49	13.6939	2.24248
RRTVert	50	280.9	63.4155	50	280.9	63.4155
Time	50	54.0486	71.0952	47	39.1299	29.8326

o2b6
Nodes	50	1696.8	1621.14	45	1275.4	557.008
CD	50	98340.5	54231.9	48	89760.4	34759.2
RRTTime	50	25.969	8.8347	49	25.4299	8.06907
ccOps	50	313.66	344.048	47	242.66	165.351
numRRTs	50	12.3	2.42693	50	12.3	2.42693
RRTVert	50	407.38	121.282	50	407.38	121.282
Time	50	52.67	58.0701	48	41.3774	16.8263
// END OLD

OBPRM
Nodes	50	4287	4238.93	47	3500.94	1973.48
CD	50	180947	99290.2	49	170367	66804.9
Time	50	161.822	366.109	45	79.4132	65.2569
