2DHeterogeneous

t2a1
Nodes	50	1490.04	1320.78	46	1188.09	412.695
CD	50	102426	47989.1	48	95177.4	31266.2
RRTTime	50	1.95084	0.451117	50	1.95084	0.451117
ccOps	50	659.88	270.808	47	604.851	127.522
numRRTs	50	28.5	4.02616	50	28.5	4.02616
RRTVert	50	224.5	32.1821	50	224.5	32.1821
Time	50	34.3407	88.1041	44	15.8199	7.01742

t2a2
Nodes	50	1340	791.581	45	1118.89	419.429
CD	50	95320.3	43133.1	49	92675.2	39352.2
RRTTime	50	3.76337	0.941219	50	3.76337	0.941219
ccOps	50	554.96	169.296	47	527.83	133.46
numRRTs	50	27.38	3.5715	50	27.38	3.5715
RRTVert	50	320.78	48.4571	50	320.78	48.4571
Time	50	22.1774	23.4059	45	15.4403	8.24092

t2a3
Nodes	50	1108.08	539.665	48	1035.5	414.214
CD	50	78151.6	37258.9	50	78151.6	37258.9
RRTTime	50	8.65942	3.02663	49	8.45355	2.68855
ccOps	50	468.66	142.479	50	468.66	142.479
numRRTs	50	25.52	4.6615	50	25.52	4.6615
RRTVert	50	509.36	121.8	50	509.36	121.8
Time	50	17.1289	10.5624	48	15.5351	7.25875

t2a4
Nodes	50	950.52	444.944	48	887.375	311.096
CD	50	60984.3	29004.9	47	55221.1	17239.4
RRTTime	50	13.0887	6.35599	48	12.2876	5.07672
ccOps	50	401.94	135.506	48	387.458	117.82
numRRTs	50	20.64	4.80317	50	20.64	4.80317
RRTVert	50	664.02	220.648	50	664.02	220.648
Time	50	16.5383	9.74324	48	15.0457	6.21814

t2a5
Nodes	50	1082.22	509.09	46	962.783	302.174
CD	50	62513.1	26017.8	47	57542	16455.6
RRTTime	50	25.2434	19.0097	46	20.7126	9.02511
ccOps	50	363.7	106.025	49	357.041	96.1947
numRRTs	50	16.54	3.73208	48	16.0625	2.90407
RRTVert	50	916.36	407.426	47	843.383	290.266
Time	50	27.2542	20.3099	46	22.3533	9.47152

t2a6
Nodes	50	1699.24	737.501	48	1623.12	649.409
CD	50	80857.7	26064.3	50	80857.7	26064.3
RRTTime	50	82.3493	53.6003	44	66.5382	33.6648
ccOps	50	281.92	102.541	48	267.729	74.8289
numRRTs	50	12.76	3.19725	50	12.76	3.19725
RRTVert	50	1604.1	714.435	48	1528.88	624.664
Time	50	83.7421	53.9085	44	67.8241	33.7977

t2b1
Nodes	50	2710	4393.79	43	1408.14	505.082
CD	50	135865	89173.5	45	109771	31725.8
RRTTime	50	1.01297	0.253846	49	0.998644	0.235578
ccOps	50	896.28	845.049	45	666.889	153.642
numRRTs	50	12.98	2.13063	49	12.8367	1.89895
RRTVert	50	86.26	12.0778	48	86.1458	10.6829
Time	50	203.062	741.455	45	27.5692	18.1351

t2b2
Nodes	50	1489.02	1024.21	47	1278.74	587.33
CD	50	105024	44934.8	48	99232.9	35544.8
RRTTime	50	1.40493	0.356431	49	1.38397	0.328152
ccOps	50	603.14	218.741	48	574.958	172.858
numRRTs	50	11.72	2.69844	48	11.4583	2.42348
RRTVert	50	99.88	18.7079	50	99.88	18.7079
Time	50	32.4561	44.0142	42	17.411	10.3128

t2b3
Nodes	50	1305	907.373	48	1183.33	686.502
CD	50	93758.7	46721.7	49	90898.5	42643.2
RRTTime	50	2.39652	0.542388	50	2.39652	0.542388
ccOps	50	515.52	180.001	49	502.143	155.288
numRRTs	50	11.4	2.25389	50	11.4	2.25389
RRTVert	50	126.1	20.7704	50	126.1	20.7704
Time	50	25.719	31.216	42	14.7327	10.0756

t2b4
Nodes	50	1150.06	681.705	45	955.622	294.708
CD	50	87612.9	36932.2	46	79390.1	24451.2
RRTTime	50	3.9655	1.22154	48	3.82102	1.01332
ccOps	50	479.22	146.592	46	445.283	90.6291
numRRTs	50	10.66	2.02593	50	10.66	2.02593
RRTVert	50	148.24	33.5783	50	148.24	33.5783
Time	50	22.1649	25.4303	46	15.6368	7.16605

t2b5
Nodes	50	1114	760.989	46	939.13	411.903
CD	50	84111.7	42484.9	49	81007.7	36879.1
RRTTime	50	7.08188	2.00773	50	7.08188	2.00773
ccOps	50	426.56	160.724	48	406.042	125.303
numRRTs	50	10.3	2.17486	48	10.2708	1.84549
RRTVert	50	179.96	48.9579	49	176.959	44.6716
Time	50	24.908	28.101	45	17.796	9.04567

t2b6
Nodes	50	1868.4	2581.59	42	1032.62	337.686
CD	50	111059	76248.8	45	89345.5	34409.6
RRTTime	50	18.2651	6.91523	49	17.8896	6.46114
ccOps	50	571.36	492.541	45	434.067	126.834
numRRTs	50	9.86	1.8869	50	9.86	1.8869
RRTVert	50	264.1	97.7698	50	264.1	97.7698
Time	50	101.208	333.278	43	29.1499	11.4953

Toggle
Nodes	50	4147	4442.83	44	2622.73	1198.22
CD	50	186669	90105.4	44	157439	43017.4
Time	50	279.032	583.312	43	76.9592	56.3341
