2DHeterogeneous

u1a1
Nodes	50	4169.84	7363.53	45	2122	2083.24
CD	50	135874	117700	46	108356	71227.2
RRTTime	50	7.16627	4.52592	45	5.88202	2.34436
ccOps	50	786.16	1337.26	45	414.267	415.491
numRRTs	50	10.14	1.72058	50	10.14	1.72058
RRTVert	50	289.7	77.1983	49	285.265	71.3994
Time	50	592.107	1914.96	41	34.8021	45.5359

u1a2
Nodes	49	2911.39	4641.49	42	1362.48	1106.67
CD	49	115256	94490.8	45	94310.1	62223.2
RRTTime	49	6.65121	6.33952	44	4.90773	2.0275
ccOps	49	565.061	869.302	43	292.721	285.622
numRRTs	49	9.95918	1.36963	49	9.95918	1.36963
RRTVert	49	259.673	61.7141	49	259.673	61.7141
Time	49	306.608	1194.52	41	20.0236	19.6535

u1a3
Nodes	50	2464.76	3907.92	48	1775.52	1499.66
CD	50	119795	82782.1	48	107982	58874.1
RRTTime	50	11.5566	14.2438	44	7.35256	3.76505
ccOps	50	484.7	710.623	48	360.417	295.895
numRRTs	50	11.28	2.24535	49	11.1429	2.05039
RRTVert	50	155.98	31.1977	49	154.02	28.3048
Time	50	584.05	2889.46	44	46.0652	62.1073

u1a4
Nodes	47	3280.23	3455.91	47	3280.23	3455.91
CD	47	143585	91004.5	47	143585	91004.5
RRTTime	47	14.481	25.6772	43	8.69942	5.5592
ccOps	47	667.106	685.332	45	589.689	591.221
numRRTs	47	10.9574	1.98888	46	10.8261	1.79739
RRTVert	47	161.34	26.1341	45	161.422	22.1876
Time	47	589.843	1443.91	40	107.913	181.527

u1b1
Nodes	50	5990.04	5275.82	50	5990.04	5275.82
CD	50	199372	104713	50	199372	104713
RRTTime	50	6.52393	3.88234	46	5.58843	1.99737
ccOps	50	1318.54	1106.25	50	1318.54	1106.25
numRRTs	50	8.96	1.82165	50	8.96	1.82165
RRTVert	50	131.58	29.5053	50	131.58	29.5053
Time	50	398.624	574.043	48	317.057	420.404

u1b2
Nodes	50	6706.74	9172.96	45	4043.87	3704.11
CD	50	194305	131229	48	178706	108865
RRTTime	50	6.18628	6.65173	46	4.57813	2.24636
ccOps	50	1368.7	1702.75	44	822.455	680.751
numRRTs	50	8.94	1.39155	50	8.94	1.39155
RRTVert	50	145.16	31.8511	50	145.16	31.8511
Time	50	745.162	1871.92	43	130.006	179.801

u1b3
Nodes	50	6853.14	7566.55	46	5075.5	3916.38
CD	50	214070	112767	49	206590	100885
RRTTime	50	10.1926	13.3784	45	6.52699	4.29392
ccOps	50	1528.96	1547.77	47	1238.26	935.951
numRRTs	50	9.5	1.83576	50	9.5	1.83576
RRTVert	50	113.96	26.702	50	113.96	26.702
Time	50	1038.31	2962.38	46	388.632	552.201

u1b4
Nodes	50	6632.24	7720.46	47	5129.06	4496.08
CD	50	205584	117829	49	197987	106212
RRTTime	50	9.90449	8.91322	44	7.2469	4.37413
ccOps	50	1418.36	1464.99	48	1201.94	1003.58
numRRTs	50	9.66	1.54415	50	9.66	1.54415
RRTVert	50	129.12	31.6447	49	127.388	29.5261
Time	50	922.945	1933.05	43	291.066	453.964

Uniform
Nodes	50	19947.1	11858.6	48	18061.3	7294.19
CD	50	398072	93991.2	49	391307	82010.8
Time	50	2122.93	2723.56	48	1621.28	1076.41

RRT
Nodes	50	17599.1	3538.26	47	17394.3	2951.59
CD	50	114592	18578.9	47	113534	15527
Time	50	3938.96	1521.21	48	3785.46	1349.33
