2DHeterogeneous/

o1a1
Nodes	50	1519.1	1411.04	47	1249.15	933.959
CD	50	81322	56345.6	48	74807.2	47320.1
RRTTime	50	9.78155	5.43694	48	8.9307	3.55287
ccOps	50	227.96	304.259	47	166.17	169.317
numRRTs	50	14.9	2.32594	46	14.8913	1.92499
RRTVert	50	455.56	108.089	50	455.56	108.089
Time	50	38.6843	59.2027	43	18.6689	16.0375

o1a2
Nodes	50	1784.26	1850.76	41	982.976	470.47
CD	50	90725.1	67128.4	43	67633.7	35988.4
RRTTime	50	10.78	7.405	44	8.34734	2.84662
ccOps	50	276.78	345.104	42	141.333	125.778
numRRTs	50	15.44	2.16481	50	15.44	2.16481
RRTVert	50	468.12	110.273	50	468.12	110.273
Time	50	65.1666	131.059	41	17.1735	11.7008

o1a3
Nodes	50	1558.44	1985.14	45	1002	826.731
CD	50	102600	74689.3	48	92817.9	58334.9
RRTTime	50	30.982	40.8428	45	19.2449	14.5736
ccOps	50	268.78	367.98	45	165.733	161.747
numRRTs	50	19.68	3.86492	50	19.68	3.86492
RRTVert	50	238.48	31.6482	49	236.776	29.6106
Time	50	550.327	2231.99	43	36.9419	41.6211

o1a4
Nodes	50	1807.26	2030.03	47	1396.91	1188.2
CD	50	113474	76780.7	49	108177	67916.4
RRTTime	50	46.1346	95.5877	42	18.9761	14.298
ccOps	50	337.76	387.622	47	261.638	243.137
numRRTs	50	19	3.4641	50	19	3.4641
RRTVert	50	245.72	29.2794	47	244.426	23.3373
Time	50	458.505	1982.02	41	38.2866	37.6735

o1b1
Nodes	50	5068.58	10260.4	46	2928.22	1949.07
CD	50	184852	208797	47	144266	70228.9
RRTTime	50	5.5348	1.53083	49	5.44699	1.41624
ccOps	50	1097.9	1938.33	46	682.391	414.887
numRRTs	50	13.66	2.3118	50	13.66	2.3118
RRTVert	50	182.08	37.3153	50	182.08	37.3153
Time	50	562.288	2812.16	44	79.1882	78.1265

o1b2
Nodes	50	3406.28	3762.1	46	2474.65	1700.55
CD	50	148600	98196.7	47	129926	63500.8
RRTTime	50	6.62169	2.49551	48	6.37043	2.2139
ccOps	50	725.7	720.724	46	555.674	363.678
numRRTs	50	14.56	2.49928	50	14.56	2.49928
RRTVert	50	218.66	34.065	49	216.714	31.5407
Time	50	149.588	317.895	44	58.9866	59.4253

o1b3
Nodes	49	3391.1	3551.15	46	2638.67	1695.93
CD	49	153572	92322	46	135521	57021.6
RRTTime	49	6.47975	1.97356	47	6.22188	1.55934
ccOps	49	771.041	698.785	46	629.978	373.291
numRRTs	49	14.6327	2.13517	49	14.6327	2.13517
RRTVert	49	154.837	29.8078	47	154.532	25.7904
Time	49	173.245	380.164	41	58.1243	53.3358

o1b4
Nodes	50	2411.98	1847.84	48	2119.65	1186.65
CD	50	127951	58719.8	48	120043	44998.1
RRTTime	50	8.76653	4.5574	44	7.3365	2.02149
ccOps	50	555.38	367.386	47	483.043	222.84
numRRTs	50	15.98	2.64189	50	15.98	2.64189
RRTVert	50	178.02	27.4689	50	178.02	27.4689
Time	50	84.4075	118.981	45	49.1669	36.3832

OBPRM
Nodes	50	4287	4238.93	47	3500.94	1973.48
CD	50	180947	99290.2	49	170367	66804.9
Time	50	161.822	366.109	45	79.4132	65.2569

RRT
Nodes	50	17599.1	3538.26	47	17394.3	2951.59
CD	50	114592	18578.9	47	113534	15527
Time	50	3938.96	1521.21	48	3785.46	1349.33
