2DHeterogeneous

u2a1
Nodes	50	14284.3	14514.8	46	10786.2	7518.5
CD	50	313074	137600	49	304358	124589
RRTTime	50	1.25363	0.700526	47	1.12662	0.477474
ccOps	50	3303.68	2803.78	47	2753.47	1720.88
numRRTs	50	12.74	2.4804	50	12.74	2.4804
RRTVert	50	102.56	17.5797	50	102.56	17.5797
Time	50	1766.84	4267.96	43	599.904	645.573

u2a2
Nodes	50	8965.14	9686.24	48	7511.83	6563.86
CD	50	236715	134727	50	236715	134727
RRTTime	50	1.94188	1.33704	47	1.68345	0.580331
ccOps	50	1999.9	1986.08	48	1721.17	1431.45
numRRTs	50	11.62	1.80986	50	11.62	1.80986
RRTVert	50	137.48	23.5883	50	137.48	23.5883
Time	50	748.821	1553.9	47	428.161	520.056

u2a3
Nodes	50	3636.22	4422.22	46	2559.57	2379.69
CD	50	141907	94438.5	48	130963	79335.2
RRTTime	50	3.46167	2.3295	47	3.01107	1.27391
ccOps	50	777.94	852.117	45	542.644	455.362
numRRTs	50	10.16	2.04313	48	9.9375	1.76076
RRTVert	50	194.26	46.006	49	191.102	40.7567
Time	50	167.229	384.593	43	45.6979	61.9087

u2a4
Nodes	49	2911.39	4641.49	42	1362.48	1106.67
CD	49	115256	94490.8	45	94310.1	62223.2
RRTTime	49	6.17523	3.58122	44	5.17492	2.02003
ccOps	49	565.061	869.302	43	292.721	285.622
numRRTs	49	9.95918	1.36963	49	9.95918	1.36963
RRTVert	49	259.673	61.7141	49	259.673	61.7141
Time	49	167.663	534.991	41	22.019	23.3417

u2a5
Nodes	50	1912.74	2467.74	45	1181.02	738.549
CD	50	92451.6	67825.2	45	73479.7	36498.4
RRTTime	50	10.5696	3.94523	50	10.5696	3.94523
ccOps	50	324.7	490.739	44	170.386	146.5
numRRTs	50	9.26	1.62247	50	9.26	1.62247
RRTVert	50	394.78	136.096	50	394.78	136.096
Time	50	79.8424	231.16	45	21.082	13.3793

u2a6
Nodes	50	1919.24	3730.65	44	1066.02	421.388
CD	50	82922.7	67568.4	45	64892	20511.1
RRTTime	50	34.4494	26.8685	49	31.3156	15.6726
ccOps	50	247.94	673.985	44	92.3409	66.5504
numRRTs	50	7.9	1.80278	48	7.66667	1.41912
RRTVert	50	714.06	345.033	47	657.936	272.235
Time	50	352.517	2098.34	46	37.4439	19.5066

u2b1
Nodes	50	11510.9	9773.73	48	9971.56	6329.01
CD	50	290718	113075	48	277544	94739.4
RRTTime	50	0.893944	0.420899	48	0.84158	0.339675
ccOps	50	2897.98	1980.2	48	2613.04	1430.31
numRRTs	50	10.8	2.19089	50	10.8	2.19089
RRTVert	50	78.12	15.7361	50	78.12	15.7361
Time	50	979.249	1814.33	45	493.446	450.54

u2b2
Nodes	50	8754.36	9111.78	45	6172.02	4462.22
CD	50	243634	118938	49	236487	109001
RRTTime	50	1.3437	0.69968	42	1.11395	0.26162
ccOps	50	1998.4	1777.03	46	1586.98	1099.2
numRRTs	50	10.06	2.02396	50	10.06	2.02396
RRTVert	50	96.16	19.4004	50	96.16	19.4004
Time	50	700.453	1483.62	42	197.339	211.114

u2b3
Nodes	50	6311.8	6949.21	47	4934.91	4393.29
CD	50	197343	117540	50	197343	117540
RRTTime	50	2.3863	1.17209	46	2.10929	0.655062
ccOps	50	1408.6	1434.42	47	1127.02	928.456
numRRTs	50	9.64	1.97747	50	9.64	1.97747
RRTVert	50	125.94	23.9077	50	125.94	23.9077
Time	50	394.143	887.505	46	172.444	226.917

u2b4
Nodes	50	6706.74	9172.96	45	4043.87	3704.11
CD	50	194305	131229	48	178706	108865
RRTTime	50	5.09826	5.81369	44	3.67153	1.26184
ccOps	50	1368.7	1702.75	44	822.455	680.751
numRRTs	50	8.94	1.39155	50	8.94	1.39155
RRTVert	50	145.16	31.8511	50	145.16	31.8511
Time	50	593.933	1634.23	44	121.929	169.185

u2b5
Nodes	50	5535.14	8656.95	47	3935.98	3994.47
CD	50	175590	119652	49	166004	100068
RRTTime	50	7.18459	2.49865	49	7.00277	2.17205
ccOps	50	1144.6	1651.08	48	868.167	833.572
numRRTs	50	8.82	1.8941	50	8.82	1.8941
RRTVert	50	185.12	49.0141	50	185.12	49.0141
Time	50	496.642	2185.81	42	72.5704	100.286

u2b6
Nodes	50	3319.96	3159.33	47	2762.43	2313.54
CD	50	144727	81419.8	50	144727	81419.8
RRTTime	50	18.2139	10.0322	45	15.5103	5.8979
ccOps	50	674.1	647.355	47	557.872	466.627
numRRTs	50	7.34	1.85051	50	7.34	1.85051
RRTVert	50	256.32	106.723	47	236.383	70.9652
Time	50	115.473	164.518	44	62.0936	64.1699

Uniform
Nodes	50	19947.1	11858.6	48	18061.3	7294.19
CD	50	398072	93991.2	49	391307	82010.8
Time	50	2122.93	2723.56	48	1621.28	1076.41
