0 0 0 0 0 0 0.0805649 0.374818 0.0908147 0.00703288 0.423277 0.99432 0.937425 0.367278 0.00539099 0.375056 
0 0 0 0 0 0 0.0372101 0.30161 0.156575 0.045887 0.296291 0.954931 0.0997989 0.159081 0.201964 0.208579 
0 0 0 0 0 0 0.0197865 0.223471 0.239647 0.0544591 0.201833 0.964087 0.788421 0.460026 0.0687522 0.175476 
0 0 0 0 0 0 0.0473976 0.0914078 0.385072 0.995835 0.124246 0.271178 0.994515 0.432251 0.75956 0.431508 
0 0 0 0 0 0 0.06586 0.0808577 0.372794 0.020208 0.115984 0.10637 0.250793 0.142214 0.0900376 0.385688 
0 0 0 0 0 0 0.312973 0.191827 0.0349933 0.274374 0.230117 0.683176 0.958563 0.461154 0.953177 0.149466 
0 0 0 0 0 0 0.318284 0.342358 0.623814 0.328511 0.32364 0.4924 0.83993 0.485387 0.82395 0.369368 
0 0 0 0 0 0 0.039171 0.127895 0.333202 0.0385796 0.128308 0.313283 0.858803 0.239718 0.250627 0.232771 
0 0 0 0 0 0 0.306997 0.342174 0.816234 0.308932 0.336622 0.68017 0.826488 0.407422 0.0115392 0.312012 
0 0 0 0 0 0 0.225655 0.180502 0.137064 0.157602 0.246747 0.848686 0.0989681 0.349519 0.884598 0.313523 

