1 1
2 1
3 2
4 1
5 2
6 2
7 3
8 1
9 2
10 2
11 3
12 2
13 3
14 3
15 4
16 1
17 2
18 2
19 3
20 2
21 3
22 3
23 4
24 2
25 3
26 3
27 4
28 3
29 4
30 4
31 5
32 1
33 2
34 2
35 3
36 2
37 3
38 3
39 4
40 2
41 3
42 3
43 4
44 3
45 4
46 4
47 5
48 2
49 3
50 3
51 4
52 3
53 4
54 4
55 5
56 3
57 4
58 4
59 5
60 4
61 5
62 5
63 6
64 1
65 2
66 2
67 3
68 2
69 3
70 3
71 4
72 2
73 3
74 3
75 4
76 3
77 4
78 4
79 5
80 3
81 4
82 4
83 5
84 4
85 5
86 5
87 6
88 3
89 4
90 4
91 5
92 4
93 5
94 5
95 6
96 2
97 3
98 3
99 4
100 3
101 4
102 4
103 5
104 3
105 4
106 4
107 5
108 4
109 5
110 5
111 6
112 3
113 4
114 4
115 5
116 4
117 5
118 5
119 6
120 4
121 5
122 5
123 6
124 5
125 6
126 6
127 7
128 1
129 2
130 2
131 3
132 2
133 3
134 3
135 4
136 2
137 3
138 3
139 4
140 3
141 4
142 4
143 5
144 2
145 3
146 3
147 4
148 3
149 4
150 4
151 5
152 3
153 4
154 4
155 5
156 4
157 5
158 5
159 6
160 2
161 3
162 3
163 4
164 3
165 4
166 4
167 5
168 3
169 4
170 4
171 5
172 4
173 5
174 5
175 6
176 3
177 4
178 4
179 5
180 4
181 5
182 5
183 6
184 4
185 5
186 5
187 6
188 5
189 6
190 6
191 7
192 2
193 3
194 3
195 4
196 3
197 4
198 4
199 5
200 3
201 4
202 4
203 5
204 4
205 5
206 5
207 6
208 3
209 4
210 4
211 5
212 4
213 5
214 5
215 6
216 4
217 5
218 5
219 6
220 5
221 6
222 6
223 7
224 3
225 4
226 4
227 5
228 4
229 5
230 5
231 6
232 4
233 5
234 5
235 6
236 5
237 6
238 6
239 7
240 4
241 5
242 5
243 6
244 5
245 6
246 6
247 7
248 5
249 6
250 6
251 7
252 6
253 7
254 7
255 8
256 1
257 2
258 2
259 3
260 2
261 3
262 3
263 4
264 2
265 3
266 3
267 4
268 3
269 4
270 4
271 5
272 2
273 3
274 3
275 4
276 3
277 4
278 4
279 5
280 3
281 4
282 4
283 5
284 4
285 5
286 5
287 6
288 2
289 3
290 3
291 4
292 3
293 4
294 4
295 5
296 3
297 4
298 4
299 5
300 4
301 5
302 5
303 6
304 3
305 4
306 4
307 5
308 4
309 5
310 5
311 6
312 4
313 5
314 5
315 6
316 5
317 6
318 6
319 7
320 2
321 3
322 3
323 4
324 3
325 4
326 4
327 5
328 3
329 4
330 4
331 5
332 4
333 5
334 5
335 6
336 4
337 5
338 5
339 6
340 5
341 6
342 6
343 7
344 4
345 5
346 5
347 6
348 5
349 6
350 6
351 7
352 3
353 4
354 4
355 5
356 4
357 5
358 5
359 6
360 4
361 5
362 5
363 6
364 5
365 6
366 6
367 7
368 4
369 5
370 5
371 6
372 5
373 6
374 6
375 7
376 5
377 6
378 6
379 7
380 6
381 7
382 7
383 8
384 2
385 3
386 3
387 4
388 3
389 4
390 4
391 5
392 3
393 4
394 4
395 5
396 4
397 5
398 5
399 6
400 3
401 4
402 4
403 5
404 4
405 5
406 5
407 6
408 4
409 5
410 5
411 6
412 5
413 6
414 6
415 7
416 3
417 4
418 4
419 5
420 4
421 5
422 5
423 6
424 4
425 5
426 5
427 6
428 5
429 6
430 6
431 7
432 4
433 5
434 5
435 6
436 5
437 6
438 6
439 7
440 5
441 6
442 6
443 7
444 6
445 7
446 7
447 8
448 3
449 4
450 4
451 5
452 4
453 5
454 5
455 6
456 4
457 5
458 5
459 6
460 5
461 6
462 6
463 7
464 4
465 5
466 5
467 6
468 5
469 6
470 6
471 7
472 5
473 6
474 6
475 7
476 6
477 7
478 7
479 8
480 4
481 5
482 5
483 6
484 5
485 6
486 6
487 7
488 5
489 6
490 6
491 7
492 6
493 7
494 7
495 8
496 5
497 6
498 6
499 7
500 6
501 7
502 7
503 8
504 6
505 7
506 7
507 8
508 7
509 8
510 8
511 9
512 1
513 2
514 2
515 3
516 2
517 3
518 3
519 4
520 2
521 3
522 3
523 4
524 3
525 4
526 4
527 5
528 2
529 3
530 3
531 4
532 3
533 4
534 4
535 5
536 3
537 4
538 4
539 5
540 4
541 5
542 5
543 6
544 2
545 3
546 3
547 4
548 3
549 4
550 4
551 5
552 3
553 4
554 4
555 5
556 4
557 5
558 5
559 6
560 3
561 4
562 4
563 5
564 4
565 5
566 5
567 6
568 4
569 5
570 5
571 6
572 5
573 6
574 6
575 7
576 2
577 3
578 3
579 4
580 3
581 4
582 4
583 5
584 3
585 4
586 4
587 5
588 4
589 5
590 5
591 6
592 4
593 5
594 5
595 6
596 5
597 6
598 6
599 7
600 4
601 5
602 5
603 6
604 5
605 6
606 6
607 7
608 3
609 4
610 4
611 5
612 4
613 5
614 5
615 6
616 4
617 5
618 5
619 6
620 5
621 6
622 6
623 7
624 4
625 5
626 5
627 6
628 5
629 6
630 6
631 7
632 5
633 6
634 6
635 7
636 6
637 7
638 7
639 8
640 2
641 3
642 3
643 4
644 3
645 4
646 4
647 5
648 3
649 4
650 4
651 5
652 4
653 5
654 5
655 6
656 3
657 4
658 4
659 5
660 4
661 5
662 5
663 6
664 4
665 5
666 5
667 6
668 5
669 6
670 6
671 7
672 3
673 4
674 4
675 5
676 4
677 5
678 5
679 6
680 4
681 5
682 5
683 6
684 5
685 6
686 6
687 7
688 4
689 5
690 5
691 6
692 5
693 6
694 6
695 7
696 5
697 6
698 6
699 7
700 6
701 7
702 7
703 8
704 3
705 4
706 4
707 5
708 4
709 5
710 5
711 6
712 4
713 5
714 5
715 6
716 5
717 6
718 6
719 7
720 4
721 5
722 5
723 6
724 5
725 6
726 6
727 7
728 5
729 6
730 6
731 7
732 6
733 7
734 7
735 8
736 4
737 5
738 5
739 6
740 5
741 6
742 6
743 7
744 5
745 6
746 6
747 7
748 6
749 7
750 7
751 8
752 5
753 6
754 6
755 7
756 6
757 7
758 7
759 8
760 6
761 7
762 7
763 8
764 7
765 8
766 8
767 9
768 2
769 3
770 3
771 4
772 3
773 4
774 4
775 5
776 3
777 4
778 4
779 5
780 4
781 5
782 5
783 6
784 3
785 4
786 4
787 5
788 4
789 5
790 5
791 6
792 4
793 5
794 5
795 6
796 5
797 6
798 6
799 7
800 3
801 4
802 4
803 5
804 4
805 5
806 5
807 6
808 4
809 5
810 5
811 6
812 5
813 6
814 6
815 7
816 4
817 5
818 5
819 6
820 5
821 6
822 6
823 7
824 5
825 6
826 6
827 7
828 6
829 7
830 7
831 8
832 3
833 4
834 4
835 5
836 4
837 5
838 5
839 6
840 4
841 5
842 5
843 6
844 5
845 6
846 6
847 7
848 5
849 6
850 6
851 7
852 6
853 7
854 7
855 8
856 5
857 6
858 6
859 7
860 6
861 7
862 7
863 8
864 4
865 5
866 5
867 6
868 5
869 6
870 6
871 7
872 5
873 6
874 6
875 7
876 6
877 7
878 7
879 8
880 5
881 6
882 6
883 7
884 6
885 7
886 7
887 8
888 6
889 7
890 7
891 8
892 7
893 8
894 8
895 9
896 3
897 4
898 4
899 5
900 4
901 5
902 5
903 6
904 4
905 5
906 5
907 6
908 5
909 6
910 6
911 7
912 4
913 5
914 5
915 6
916 5
917 6
918 6
919 7
920 5
921 6
922 6
923 7
924 6
925 7
926 7
927 8
928 4
929 5
930 5
931 6
932 5
933 6
934 6
935 7
936 5
937 6
938 6
939 7
940 6
941 7
942 7
943 8
944 5
945 6
946 6
947 7
948 6
949 7
950 7
951 8
952 6
953 7
954 7
955 8
956 7
957 8
958 8
959 9
960 4
961 5
962 5
963 6
964 5
965 6
966 6
967 7
968 5
969 6
970 6
971 7
972 6
973 7
974 7
975 8
976 5
977 6
978 6
979 7
980 6
981 7
982 7
983 8
984 6
985 7
986 7
987 8
988 7
989 8
990 8
991 9
992 5
993 6
994 6
995 7
996 6
997 7
998 7
999 8
1000 6
1001 7
1002 7
1003 8
1004 7
1005 8
1006 8
1007 9
1008 6
1009 7
1010 7
1011 8
1012 7
1013 8
1014 8
1015 9
1016 7
1017 8
1018 8
1019 9
1020 8
1021 9
1022 9
1023 10
1024 1
1025 2
1026 2
1027 3
1028 2
1029 3
1030 3
1031 4
1032 2
1033 3
1034 3
1035 4
1036 3
1037 4
1038 4
1039 5
1040 2
1041 3
1042 3
1043 4
1044 3
1045 4
1046 4
1047 5
1048 3
1049 4
1050 4
1051 5
1052 4
1053 5
1054 5
1055 6
1056 2
1057 3
1058 3
1059 4
1060 3
1061 4
1062 4
1063 5
1064 3
1065 4
1066 4
1067 5
1068 4
1069 5
1070 5
1071 6
1072 3
1073 4
1074 4
1075 5
1076 4
1077 5
1078 5
1079 6
1080 4
1081 5
1082 5
1083 6
1084 5
1085 6
1086 6
1087 7
1088 2
1089 3
1090 3
1091 4
1092 3
1093 4
1094 4
1095 5
1096 3
1097 4
1098 4
1099 5
1100 4
1101 5
1102 5
1103 6
1104 4
1105 5
1106 5
1107 6
1108 5
1109 6
1110 6
1111 7
1112 4
1113 5
1114 5
1115 6
1116 5
1117 6
1118 6
1119 7
1120 3
1121 4
1122 4
1123 5
1124 4
1125 5
1126 5
1127 6
1128 4
1129 5
1130 5
1131 6
1132 5
1133 6
1134 6
1135 7
1136 4
1137 5
1138 5
1139 6
1140 5
1141 6
1142 6
1143 7
1144 5
1145 6
1146 6
1147 7
1148 6
1149 7
1150 7
1151 8
1152 2
1153 3
1154 3
1155 4
1156 3
1157 4
1158 4
1159 5
1160 3
1161 4
1162 4
1163 5
1164 4
1165 5
1166 5
1167 6
1168 3
1169 4
1170 4
1171 5
1172 4
1173 5
1174 5
1175 6
1176 4
1177 5
1178 5
1179 6
1180 5
1181 6
1182 6
1183 7
1184 3
1185 4
1186 4
1187 5
1188 4
1189 5
1190 5
1191 6
1192 4
1193 5
1194 5
1195 6
1196 5
1197 6
1198 6
1199 7
1200 4
1201 5
1202 5
1203 6
1204 5
1205 6
1206 6
1207 7
1208 5
1209 6
1210 6
1211 7
1212 6
1213 7
1214 7
1215 8
1216 3
1217 4
1218 4
1219 5
1220 4
1221 5
1222 5
1223 6
1224 4
1225 5
1226 5
1227 6
1228 5
1229 6
1230 6
1231 7
1232 4
1233 5
1234 5
1235 6
1236 5
1237 6
1238 6
1239 7
1240 5
1241 6
1242 6
1243 7
1244 6
1245 7
1246 7
1247 8
1248 4
1249 5
1250 5
1251 6
1252 5
1253 6
1254 6
1255 7
1256 5
1257 6
1258 6
1259 7
1260 6
1261 7
1262 7
1263 8
1264 5
1265 6
1266 6
1267 7
1268 6
1269 7
1270 7
1271 8
1272 6
1273 7
1274 7
1275 8
1276 7
1277 8
1278 8
1279 9
1280 2
1281 3
1282 3
1283 4
1284 3
1285 4
1286 4
1287 5
1288 3
1289 4
1290 4
1291 5
1292 4
1293 5
1294 5
1295 6
1296 3
1297 4
1298 4
1299 5
1300 4
1301 5
1302 5
1303 6
1304 4
1305 5
1306 5
1307 6
1308 5
1309 6
1310 6
1311 7
1312 3
1313 4
1314 4
1315 5
1316 4
1317 5
1318 5
1319 6
1320 4
1321 5
1322 5
1323 6
1324 5
1325 6
1326 6
1327 7
1328 4
1329 5
1330 5
1331 6
1332 5
1333 6
1334 6
1335 7
1336 5
1337 6
1338 6
1339 7
1340 6
1341 7
1342 7
1343 8
1344 3
1345 4
1346 4
1347 5
1348 4
1349 5
1350 5
1351 6
1352 4
1353 5
1354 5
1355 6
1356 5
1357 6
1358 6
1359 7
1360 5
1361 6
1362 6
1363 7
1364 6
1365 7
1366 7
1367 8
1368 5
1369 6
1370 6
1371 7
1372 6
1373 7
1374 7
1375 8
1376 4
1377 5
1378 5
1379 6
1380 5
1381 6
1382 6
1383 7
1384 5
1385 6
1386 6
1387 7
1388 6
1389 7
1390 7
1391 8
1392 5
1393 6
1394 6
1395 7
1396 6
1397 7
1398 7
1399 8
1400 6
1401 7
1402 7
1403 8
1404 7
1405 8
1406 8
1407 9
1408 3
1409 4
1410 4
1411 5
1412 4
1413 5
1414 5
1415 6
1416 4
1417 5
1418 5
1419 6
1420 5
1421 6
1422 6
1423 7
1424 4
1425 5
1426 5
1427 6
1428 5
1429 6
1430 6
1431 7
1432 5
1433 6
1434 6
1435 7
1436 6
1437 7
1438 7
1439 8
1440 4
1441 5
1442 5
1443 6
1444 5
1445 6
1446 6
1447 7
1448 5
1449 6
1450 6
1451 7
1452 6
1453 7
1454 7
1455 8
1456 5
1457 6
1458 6
1459 7
1460 6
1461 7
1462 7
1463 8
1464 6
1465 7
1466 7
1467 8
1468 7
1469 8
1470 8
1471 9
1472 4
1473 5
1474 5
1475 6
1476 5
1477 6
1478 6
1479 7
1480 5
1481 6
1482 6
1483 7
1484 6
1485 7
1486 7
1487 8
1488 5
1489 6
1490 6
1491 7
1492 6
1493 7
1494 7
1495 8
1496 6
1497 7
1498 7
1499 8
1500 7
1501 8
1502 8
1503 9
1504 5
1505 6
1506 6
1507 7
1508 6
1509 7
1510 7
1511 8
1512 6
1513 7
1514 7
1515 8
1516 7
1517 8
1518 8
1519 9
1520 6
1521 7
1522 7
1523 8
1524 7
1525 8
1526 8
1527 9
1528 7
1529 8
1530 8
1531 9
1532 8
1533 9
1534 9
1535 10
1536 2
1537 3
1538 3
1539 4
1540 3
1541 4
1542 4
1543 5
1544 3
1545 4
1546 4
1547 5
1548 4
1549 5
1550 5
1551 6
1552 3
1553 4
1554 4
1555 5
1556 4
1557 5
1558 5
1559 6
1560 4
1561 5
1562 5
1563 6
1564 5
1565 6
1566 6
1567 7
1568 3
1569 4
1570 4
1571 5
1572 4
1573 5
1574 5
1575 6
1576 4
1577 5
1578 5
1579 6
1580 5
1581 6
1582 6
1583 7
1584 4
1585 5
1586 5
1587 6
1588 5
1589 6
1590 6
1591 7
1592 5
1593 6
1594 6
1595 7
1596 6
1597 7
1598 7
1599 8
1600 3
1601 4
1602 4
1603 5
1604 4
1605 5
1606 5
1607 6
1608 4
1609 5
1610 5
1611 6
1612 5
1613 6
1614 6
1615 7
1616 5
1617 6
1618 6
1619 7
1620 6
1621 7
1622 7
1623 8
1624 5
1625 6
1626 6
1627 7
1628 6
1629 7
1630 7
1631 8
1632 4
1633 5
1634 5
1635 6
1636 5
1637 6
1638 6
1639 7
1640 5
1641 6
1642 6
1643 7
1644 6
1645 7
1646 7
1647 8
1648 5
1649 6
1650 6
1651 7
1652 6
1653 7
1654 7
1655 8
1656 6
1657 7
1658 7
1659 8
1660 7
1661 8
1662 8
1663 9
1664 3
1665 4
1666 4
1667 5
1668 4
1669 5
1670 5
1671 6
1672 4
1673 5
1674 5
1675 6
1676 5
1677 6
1678 6
1679 7
1680 4
1681 5
1682 5
1683 6
1684 5
1685 6
1686 6
1687 7
1688 5
1689 6
1690 6
1691 7
1692 6
1693 7
1694 7
1695 8
1696 4
1697 5
1698 5
1699 6
1700 5
1701 6
1702 6
1703 7
1704 5
1705 6
1706 6
1707 7
1708 6
1709 7
1710 7
1711 8
1712 5
1713 6
1714 6
1715 7
1716 6
1717 7
1718 7
1719 8
1720 6
1721 7
1722 7
1723 8
1724 7
1725 8
1726 8
1727 9
1728 4
1729 5
1730 5
1731 6
1732 5
1733 6
1734 6
1735 7
1736 5
1737 6
1738 6
1739 7
1740 6
1741 7
1742 7
1743 8
1744 5
1745 6
1746 6
1747 7
1748 6
1749 7
1750 7
1751 8
1752 6
1753 7
1754 7
1755 8
1756 7
1757 8
1758 8
1759 9
1760 5
1761 6
1762 6
1763 7
1764 6
1765 7
1766 7
1767 8
1768 6
1769 7
1770 7
1771 8
1772 7
1773 8
1774 8
1775 9
1776 6
1777 7
1778 7
1779 8
1780 7
1781 8
1782 8
1783 9
1784 7
1785 8
1786 8
1787 9
1788 8
1789 9
1790 9
1791 10
1792 3
1793 4
1794 4
1795 5
1796 4
1797 5
1798 5
1799 6
1800 4
1801 5
1802 5
1803 6
1804 5
1805 6
1806 6
1807 7
1808 4
1809 5
1810 5
1811 6
1812 5
1813 6
1814 6
1815 7
1816 5
1817 6
1818 6
1819 7
1820 6
1821 7
1822 7
1823 8
1824 4
1825 5
1826 5
1827 6
1828 5
1829 6
1830 6
1831 7
1832 5
1833 6
1834 6
1835 7
1836 6
1837 7
1838 7
1839 8
1840 5
1841 6
1842 6
1843 7
1844 6
1845 7
1846 7
1847 8
1848 6
1849 7
1850 7
1851 8
1852 7
1853 8
1854 8
1855 9
1856 4
1857 5
1858 5
1859 6
1860 5
1861 6
1862 6
1863 7
1864 5
1865 6
1866 6
1867 7
1868 6
1869 7
1870 7
1871 8
1872 6
1873 7
1874 7
1875 8
1876 7
1877 8
1878 8
1879 9
1880 6
1881 7
1882 7
1883 8
1884 7
1885 8
1886 8
1887 9
1888 5
1889 6
1890 6
1891 7
1892 6
1893 7
1894 7
1895 8
1896 6
1897 7
1898 7
1899 8
1900 7
1901 8
1902 8
1903 9
1904 6
1905 7
1906 7
1907 8
1908 7
1909 8
1910 8
1911 9
1912 7
1913 8
1914 8
1915 9
1916 8
1917 9
1918 9
1919 10
1920 4
1921 5
1922 5
1923 6
1924 5
1925 6
1926 6
1927 7
1928 5
1929 6
1930 6
1931 7
1932 6
1933 7
1934 7
1935 8
1936 5
1937 6
1938 6
1939 7
1940 6
1941 7
1942 7
1943 8
1944 6
1945 7
1946 7
1947 8
1948 7
1949 8
1950 8
1951 9
1952 5
1953 6
1954 6
1955 7
1956 6
1957 7
1958 7
1959 8
1960 6
1961 7
1962 7
1963 8
1964 7
1965 8
1966 8
1967 9
1968 6
1969 7
1970 7
1971 8
1972 7
1973 8
1974 8
1975 9
1976 7
1977 8
1978 8
1979 9
1980 8
1981 9
1982 9
1983 10
1984 5
1985 6
1986 6
1987 7
1988 6
1989 7
1990 7
1991 8
1992 6
1993 7
1994 7
1995 8
1996 7
1997 8
1998 8
1999 9
2000 6
2001 7
2002 7
2003 8
2004 7
2005 8
2006 8
2007 9
2008 7
2009 8
2010 8
2011 9
2012 8
2013 9
2014 9
2015 10
2016 6
2017 7
2018 7
2019 8
2020 7
2021 8
2022 8
2023 9
2024 7
2025 8
2026 8
2027 9
2028 8
2029 9
2030 9
2031 10
2032 7
2033 8
2034 8
2035 9
2036 8
2037 9
2038 9
2039 10
2040 8
2041 9
2042 9
2043 10
2044 9
2045 10
2046 10
2047 11
2048 1
2049 2
2050 2
2051 3
2052 2
2053 3
2054 3
2055 4
2056 2
2057 3
2058 3
2059 4
2060 3
2061 4
2062 4
2063 5
2064 2
2065 3
2066 3
2067 4
2068 3
2069 4
2070 4
2071 5
2072 3
2073 4
2074 4
2075 5
2076 4
2077 5
2078 5
2079 6
2080 2
2081 3
2082 3
2083 4
2084 3
2085 4
2086 4
2087 5
2088 3
2089 4
2090 4
2091 5
2092 4
2093 5
2094 5
2095 6
2096 3
2097 4
2098 4
2099 5
2100 4
2101 5
2102 5
2103 6
2104 4
2105 5
2106 5
2107 6
2108 5
2109 6
2110 6
2111 7
2112 2
2113 3
2114 3
2115 4
2116 3
2117 4
2118 4
2119 5
2120 3
2121 4
2122 4
2123 5
2124 4
2125 5
2126 5
2127 6
2128 4
2129 5
2130 5
2131 6
2132 5
2133 6
2134 6
2135 7
2136 4
2137 5
2138 5
2139 6
2140 5
2141 6
2142 6
2143 7
2144 3
2145 4
2146 4
2147 5
2148 4
2149 5
2150 5
2151 6
2152 4
2153 5
2154 5
2155 6
2156 5
2157 6
2158 6
2159 7
2160 4
2161 5
2162 5
2163 6
2164 5
2165 6
2166 6
2167 7
2168 5
2169 6
2170 6
2171 7
2172 6
2173 7
2174 7
2175 8
2176 2
2177 3
2178 3
2179 4
2180 3
2181 4
2182 4
2183 5
2184 3
2185 4
2186 4
2187 5
2188 4
2189 5
2190 5
2191 6
2192 3
2193 4
2194 4
2195 5
2196 4
2197 5
2198 5
2199 6
2200 4
2201 5
2202 5
2203 6
2204 5
2205 6
2206 6
2207 7
2208 3
2209 4
2210 4
2211 5
2212 4
2213 5
2214 5
2215 6
2216 4
2217 5
2218 5
2219 6
2220 5
2221 6
2222 6
2223 7
2224 4
2225 5
2226 5
2227 6
2228 5
2229 6
2230 6
2231 7
2232 5
2233 6
2234 6
2235 7
2236 6
2237 7
2238 7
2239 8
2240 3
2241 4
2242 4
2243 5
2244 4
2245 5
2246 5
2247 6
2248 4
2249 5
2250 5
2251 6
2252 5
2253 6
2254 6
2255 7
2256 4
2257 5
2258 5
2259 6
2260 5
2261 6
2262 6
2263 7
2264 5
2265 6
2266 6
2267 7
2268 6
2269 7
2270 7
2271 8
2272 4
2273 5
2274 5
2275 6
2276 5
2277 6
2278 6
2279 7
2280 5
2281 6
2282 6
2283 7
2284 6
2285 7
2286 7
2287 8
2288 5
2289 6
2290 6
2291 7
2292 6
2293 7
2294 7
2295 8
2296 6
2297 7
2298 7
2299 8
2300 7
2301 8
2302 8
2303 9
2304 2
2305 3
2306 3
2307 4
2308 3
2309 4
2310 4
2311 5
2312 3
2313 4
2314 4
2315 5
2316 4
2317 5
2318 5
2319 6
2320 3
2321 4
2322 4
2323 5
2324 4
2325 5
2326 5
2327 6
2328 4
2329 5
2330 5
2331 6
2332 5
2333 6
2334 6
2335 7
2336 3
2337 4
2338 4
2339 5
2340 4
2341 5
2342 5
2343 6
2344 4
2345 5
2346 5
2347 6
2348 5
2349 6
2350 6
2351 7
2352 4
2353 5
2354 5
2355 6
2356 5
2357 6
2358 6
2359 7
2360 5
2361 6
2362 6
2363 7
2364 6
2365 7
2366 7
2367 8
2368 3
2369 4
2370 4
2371 5
2372 4
2373 5
2374 5
2375 6
2376 4
2377 5
2378 5
2379 6
2380 5
2381 6
2382 6
2383 7
2384 5
2385 6
2386 6
2387 7
2388 6
2389 7
2390 7
2391 8
2392 5
2393 6
2394 6
2395 7
2396 6
2397 7
2398 7
2399 8
2400 4
2401 5
2402 5
2403 6
2404 5
2405 6
2406 6
2407 7
2408 5
2409 6
2410 6
2411 7
2412 6
2413 7
2414 7
2415 8
2416 5
2417 6
2418 6
2419 7
2420 6
2421 7
2422 7
2423 8
2424 6
2425 7
2426 7
2427 8
2428 7
2429 8
2430 8
2431 9
2432 3
2433 4
2434 4
2435 5
2436 4
2437 5
2438 5
2439 6
2440 4
2441 5
2442 5
2443 6
2444 5
2445 6
2446 6
2447 7
2448 4
2449 5
2450 5
2451 6
2452 5
2453 6
2454 6
2455 7
2456 5
2457 6
2458 6
2459 7
2460 6
2461 7
2462 7
2463 8
2464 4
2465 5
2466 5
2467 6
2468 5
2469 6
2470 6
2471 7
2472 5
2473 6
2474 6
2475 7
2476 6
2477 7
2478 7
2479 8
2480 5
2481 6
2482 6
2483 7
2484 6
2485 7
2486 7
2487 8
2488 6
2489 7
2490 7
2491 8
2492 7
2493 8
2494 8
2495 9
2496 4
2497 5
2498 5
2499 6
2500 5
2501 6
2502 6
2503 7
2504 5
2505 6
2506 6
2507 7
2508 6
2509 7
2510 7
2511 8
2512 5
2513 6
2514 6
2515 7
2516 6
2517 7
2518 7
2519 8
2520 6
2521 7
2522 7
2523 8
2524 7
2525 8
2526 8
2527 9
2528 5
2529 6
2530 6
2531 7
2532 6
2533 7
2534 7
2535 8
2536 6
2537 7
2538 7
2539 8
2540 7
2541 8
2542 8
2543 9
2544 6
2545 7
2546 7
2547 8
2548 7
2549 8
2550 8
2551 9
2552 7
2553 8
2554 8
2555 9
2556 8
2557 9
2558 9
2559 10
2560 2
2561 3
2562 3
2563 4
2564 3
2565 4
2566 4
2567 5
2568 3
2569 4
2570 4
2571 5
2572 4
2573 5
2574 5
2575 6
2576 3
2577 4
2578 4
2579 5
2580 4
2581 5
2582 5
2583 6
2584 4
2585 5
2586 5
2587 6
2588 5
2589 6
2590 6
2591 7
2592 3
2593 4
2594 4
2595 5
2596 4
2597 5
2598 5
2599 6
2600 4
2601 5
2602 5
2603 6
2604 5
2605 6
2606 6
2607 7
2608 4
2609 5
2610 5
2611 6
2612 5
2613 6
2614 6
2615 7
2616 5
2617 6
2618 6
2619 7
2620 6
2621 7
2622 7
2623 8
2624 3
2625 4
2626 4
2627 5
2628 4
2629 5
2630 5
2631 6
2632 4
2633 5
2634 5
2635 6
2636 5
2637 6
2638 6
2639 7
2640 5
2641 6
2642 6
2643 7
2644 6
2645 7
2646 7
2647 8
2648 5
2649 6
2650 6
2651 7
2652 6
2653 7
2654 7
2655 8
2656 4
2657 5
2658 5
2659 6
2660 5
2661 6
2662 6
2663 7
2664 5
2665 6
2666 6
2667 7
2668 6
2669 7
2670 7
2671 8
2672 5
2673 6
2674 6
2675 7
2676 6
2677 7
2678 7
2679 8
2680 6
2681 7
2682 7
2683 8
2684 7
2685 8
2686 8
2687 9
2688 3
2689 4
2690 4
2691 5
2692 4
2693 5
2694 5
2695 6
2696 4
2697 5
2698 5
2699 6
2700 5
2701 6
2702 6
2703 7
2704 4
2705 5
2706 5
2707 6
2708 5
2709 6
2710 6
2711 7
2712 5
2713 6
2714 6
2715 7
2716 6
2717 7
2718 7
2719 8
2720 4
2721 5
2722 5
2723 6
2724 5
2725 6
2726 6
2727 7
2728 5
2729 6
2730 6
2731 7
2732 6
2733 7
2734 7
2735 8
2736 5
2737 6
2738 6
2739 7
2740 6
2741 7
2742 7
2743 8
2744 6
2745 7
2746 7
2747 8
2748 7
2749 8
2750 8
2751 9
2752 4
2753 5
2754 5
2755 6
2756 5
2757 6
2758 6
2759 7
2760 5
2761 6
2762 6
2763 7
2764 6
2765 7
2766 7
2767 8
2768 5
2769 6
2770 6
2771 7
2772 6
2773 7
2774 7
2775 8
2776 6
2777 7
2778 7
2779 8
2780 7
2781 8
2782 8
2783 9
2784 5
2785 6
2786 6
2787 7
2788 6
2789 7
2790 7
2791 8
2792 6
2793 7
2794 7
2795 8
2796 7
2797 8
2798 8
2799 9
2800 6
2801 7
2802 7
2803 8
2804 7
2805 8
2806 8
2807 9
2808 7
2809 8
2810 8
2811 9
2812 8
2813 9
2814 9
2815 10
2816 3
2817 4
2818 4
2819 5
2820 4
2821 5
2822 5
2823 6
2824 4
2825 5
2826 5
2827 6
2828 5
2829 6
2830 6
2831 7
2832 4
2833 5
2834 5
2835 6
2836 5
2837 6
2838 6
2839 7
2840 5
2841 6
2842 6
2843 7
2844 6
2845 7
2846 7
2847 8
2848 4
2849 5
2850 5
2851 6
2852 5
2853 6
2854 6
2855 7
2856 5
2857 6
2858 6
2859 7
2860 6
2861 7
2862 7
2863 8
2864 5
2865 6
2866 6
2867 7
2868 6
2869 7
2870 7
2871 8
2872 6
2873 7
2874 7
2875 8
2876 7
2877 8
2878 8
2879 9
2880 4
2881 5
2882 5
2883 6
2884 5
2885 6
2886 6
2887 7
2888 5
2889 6
2890 6
2891 7
2892 6
2893 7
2894 7
2895 8
2896 6
2897 7
2898 7
2899 8
2900 7
2901 8
2902 8
2903 9
2904 6
2905 7
2906 7
2907 8
2908 7
2909 8
2910 8
2911 9
2912 5
2913 6
2914 6
2915 7
2916 6
2917 7
2918 7
2919 8
2920 6
2921 7
2922 7
2923 8
2924 7
2925 8
2926 8
2927 9
2928 6
2929 7
2930 7
2931 8
2932 7
2933 8
2934 8
2935 9
2936 7
2937 8
2938 8
2939 9
2940 8
2941 9
2942 9
2943 10
2944 4
2945 5
2946 5
2947 6
2948 5
2949 6
2950 6
2951 7
2952 5
2953 6
2954 6
2955 7
2956 6
2957 7
2958 7
2959 8
2960 5
2961 6
2962 6
2963 7
2964 6
2965 7
2966 7
2967 8
2968 6
2969 7
2970 7
2971 8
2972 7
2973 8
2974 8
2975 9
2976 5
2977 6
2978 6
2979 7
2980 6
2981 7
2982 7
2983 8
2984 6
2985 7
2986 7
2987 8
2988 7
2989 8
2990 8
2991 9
2992 6
2993 7
2994 7
2995 8
2996 7
2997 8
2998 8
2999 9
3000 7
3001 8
3002 8
3003 9
3004 8
3005 9
3006 9
3007 10
3008 5
3009 6
3010 6
3011 7
3012 6
3013 7
3014 7
3015 8
3016 6
3017 7
3018 7
3019 8
3020 7
3021 8
3022 8
3023 9
3024 6
3025 7
3026 7
3027 8
3028 7
3029 8
3030 8
3031 9
3032 7
3033 8
3034 8
3035 9
3036 8
3037 9
3038 9
3039 10
3040 6
3041 7
3042 7
3043 8
3044 7
3045 8
3046 8
3047 9
3048 7
3049 8
3050 8
3051 9
3052 8
3053 9
3054 9
3055 10
3056 7
3057 8
3058 8
3059 9
3060 8
3061 9
3062 9
3063 10
3064 8
3065 9
3066 9
3067 10
3068 9
3069 10
3070 10
3071 11
3072 2
3073 3
3074 3
3075 4
3076 3
3077 4
3078 4
3079 5
3080 3
3081 4
3082 4
3083 5
3084 4
3085 5
3086 5
3087 6
3088 3
3089 4
3090 4
3091 5
3092 4
3093 5
3094 5
3095 6
3096 4
3097 5
3098 5
3099 6
3100 5
3101 6
3102 6
3103 7
3104 3
3105 4
3106 4
3107 5
3108 4
3109 5
3110 5
3111 6
3112 4
3113 5
3114 5
3115 6
3116 5
3117 6
3118 6
3119 7
3120 4
3121 5
3122 5
3123 6
3124 5
3125 6
3126 6
3127 7
3128 5
3129 6
3130 6
3131 7
3132 6
3133 7
3134 7
3135 8
3136 3
3137 4
3138 4
3139 5
3140 4
3141 5
3142 5
3143 6
3144 4
3145 5
3146 5
3147 6
3148 5
3149 6
3150 6
3151 7
3152 5
3153 6
3154 6
3155 7
3156 6
3157 7
3158 7
3159 8
3160 5
3161 6
3162 6
3163 7
3164 6
3165 7
3166 7
3167 8
3168 4
3169 5
3170 5
3171 6
3172 5
3173 6
3174 6
3175 7
3176 5
3177 6
3178 6
3179 7
3180 6
3181 7
3182 7
3183 8
3184 5
3185 6
3186 6
3187 7
3188 6
3189 7
3190 7
3191 8
3192 6
3193 7
3194 7
3195 8
3196 7
3197 8
3198 8
3199 9
3200 3
3201 4
3202 4
3203 5
3204 4
3205 5
3206 5
3207 6
3208 4
3209 5
3210 5
3211 6
3212 5
3213 6
3214 6
3215 7
3216 4
3217 5
3218 5
3219 6
3220 5
3221 6
3222 6
3223 7
3224 5
3225 6
3226 6
3227 7
3228 6
3229 7
3230 7
3231 8
3232 4
3233 5
3234 5
3235 6
3236 5
3237 6
3238 6
3239 7
3240 5
3241 6
3242 6
3243 7
3244 6
3245 7
3246 7
3247 8
3248 5
3249 6
3250 6
3251 7
3252 6
3253 7
3254 7
3255 8
3256 6
3257 7
3258 7
3259 8
3260 7
3261 8
3262 8
3263 9
3264 4
3265 5
3266 5
3267 6
3268 5
3269 6
3270 6
3271 7
3272 5
3273 6
3274 6
3275 7
3276 6
3277 7
3278 7
3279 8
3280 5
3281 6
3282 6
3283 7
3284 6
3285 7
3286 7
3287 8
3288 6
3289 7
3290 7
3291 8
3292 7
3293 8
3294 8
3295 9
3296 5
3297 6
3298 6
3299 7
3300 6
3301 7
3302 7
3303 8
3304 6
3305 7
3306 7
3307 8
3308 7
3309 8
3310 8
3311 9
3312 6
3313 7
3314 7
3315 8
3316 7
3317 8
3318 8
3319 9
3320 7
3321 8
3322 8
3323 9
3324 8
3325 9
3326 9
3327 10
3328 3
3329 4
3330 4
3331 5
3332 4
3333 5
3334 5
3335 6
3336 4
3337 5
3338 5
3339 6
3340 5
3341 6
3342 6
3343 7
3344 4
3345 5
3346 5
3347 6
3348 5
3349 6
3350 6
3351 7
3352 5
3353 6
3354 6
3355 7
3356 6
3357 7
3358 7
3359 8
3360 4
3361 5
3362 5
3363 6
3364 5
3365 6
3366 6
3367 7
3368 5
3369 6
3370 6
3371 7
3372 6
3373 7
3374 7
3375 8
3376 5
3377 6
3378 6
3379 7
3380 6
3381 7
3382 7
3383 8
3384 6
3385 7
3386 7
3387 8
3388 7
3389 8
3390 8
3391 9
3392 4
3393 5
3394 5
3395 6
3396 5
3397 6
3398 6
3399 7
3400 5
3401 6
3402 6
3403 7
3404 6
3405 7
3406 7
3407 8
3408 6
3409 7
3410 7
3411 8
3412 7
3413 8
3414 8
3415 9
3416 6
3417 7
3418 7
3419 8
3420 7
3421 8
3422 8
3423 9
3424 5
3425 6
3426 6
3427 7
3428 6
3429 7
3430 7
3431 8
3432 6
3433 7
3434 7
3435 8
3436 7
3437 8
3438 8
3439 9
3440 6
3441 7
3442 7
3443 8
3444 7
3445 8
3446 8
3447 9
3448 7
3449 8
3450 8
3451 9
3452 8
3453 9
3454 9
3455 10
3456 4
3457 5
3458 5
3459 6
3460 5
3461 6
3462 6
3463 7
3464 5
3465 6
3466 6
3467 7
3468 6
3469 7
3470 7
3471 8
3472 5
3473 6
3474 6
3475 7
3476 6
3477 7
3478 7
3479 8
3480 6
3481 7
3482 7
3483 8
3484 7
3485 8
3486 8
3487 9
3488 5
3489 6
3490 6
3491 7
3492 6
3493 7
3494 7
3495 8
3496 6
3497 7
3498 7
3499 8
3500 7
3501 8
3502 8
3503 9
3504 6
3505 7
3506 7
3507 8
3508 7
3509 8
3510 8
3511 9
3512 7
3513 8
3514 8
3515 9
3516 8
3517 9
3518 9
3519 10
3520 5
3521 6
3522 6
3523 7
3524 6
3525 7
3526 7
3527 8
3528 6
3529 7
3530 7
3531 8
3532 7
3533 8
3534 8
3535 9
3536 6
3537 7
3538 7
3539 8
3540 7
3541 8
3542 8
3543 9
3544 7
3545 8
3546 8
3547 9
3548 8
3549 9
3550 9
3551 10
3552 6
3553 7
3554 7
3555 8
3556 7
3557 8
3558 8
3559 9
3560 7
3561 8
3562 8
3563 9
3564 8
3565 9
3566 9
3567 10
3568 7
3569 8
3570 8
3571 9
3572 8
3573 9
3574 9
3575 10
3576 8
3577 9
3578 9
3579 10
3580 9
3581 10
3582 10
3583 11
3584 3
3585 4
3586 4
3587 5
3588 4
3589 5
3590 5
3591 6
3592 4
3593 5
3594 5
3595 6
3596 5
3597 6
3598 6
3599 7
3600 4
3601 5
3602 5
3603 6
3604 5
3605 6
3606 6
3607 7
3608 5
3609 6
3610 6
3611 7
3612 6
3613 7
3614 7
3615 8
3616 4
3617 5
3618 5
3619 6
3620 5
3621 6
3622 6
3623 7
3624 5
3625 6
3626 6
3627 7
3628 6
3629 7
3630 7
3631 8
3632 5
3633 6
3634 6
3635 7
3636 6
3637 7
3638 7
3639 8
3640 6
3641 7
3642 7
3643 8
3644 7
3645 8
3646 8
3647 9
3648 4
3649 5
3650 5
3651 6
3652 5
3653 6
3654 6
3655 7
3656 5
3657 6
3658 6
3659 7
3660 6
3661 7
3662 7
3663 8
3664 6
3665 7
3666 7
3667 8
3668 7
3669 8
3670 8
3671 9
3672 6
3673 7
3674 7
3675 8
3676 7
3677 8
3678 8
3679 9
3680 5
3681 6
3682 6
3683 7
3684 6
3685 7
3686 7
3687 8
3688 6
3689 7
3690 7
3691 8
3692 7
3693 8
3694 8
3695 9
3696 6
3697 7
3698 7
3699 8
3700 7
3701 8
3702 8
3703 9
3704 7
3705 8
3706 8
3707 9
3708 8
3709 9
3710 9
3711 10
3712 4
3713 5
3714 5
3715 6
3716 5
3717 6
3718 6
3719 7
3720 5
3721 6
3722 6
3723 7
3724 6
3725 7
3726 7
3727 8
3728 5
3729 6
3730 6
3731 7
3732 6
3733 7
3734 7
3735 8
3736 6
3737 7
3738 7
3739 8
3740 7
3741 8
3742 8
3743 9
3744 5
3745 6
3746 6
3747 7
3748 6
3749 7
3750 7
3751 8
3752 6
3753 7
3754 7
3755 8
3756 7
3757 8
3758 8
3759 9
3760 6
3761 7
3762 7
3763 8
3764 7
3765 8
3766 8
3767 9
3768 7
3769 8
3770 8
3771 9
3772 8
3773 9
3774 9
3775 10
3776 5
3777 6
3778 6
3779 7
3780 6
3781 7
3782 7
3783 8
3784 6
3785 7
3786 7
3787 8
3788 7
3789 8
3790 8
3791 9
3792 6
3793 7
3794 7
3795 8
3796 7
3797 8
3798 8
3799 9
3800 7
3801 8
3802 8
3803 9
3804 8
3805 9
3806 9
3807 10
3808 6
3809 7
3810 7
3811 8
3812 7
3813 8
3814 8
3815 9
3816 7
3817 8
3818 8
3819 9
3820 8
3821 9
3822 9
3823 10
3824 7
3825 8
3826 8
3827 9
3828 8
3829 9
3830 9
3831 10
3832 8
3833 9
3834 9
3835 10
3836 9
3837 10
3838 10
3839 11
3840 4
3841 5
3842 5
3843 6
3844 5
3845 6
3846 6
3847 7
3848 5
3849 6
3850 6
3851 7
3852 6
3853 7
3854 7
3855 8
3856 5
3857 6
3858 6
3859 7
3860 6
3861 7
3862 7
3863 8
3864 6
3865 7
3866 7
3867 8
3868 7
3869 8
3870 8
3871 9
3872 5
3873 6
3874 6
3875 7
3876 6
3877 7
3878 7
3879 8
3880 6
3881 7
3882 7
3883 8
3884 7
3885 8
3886 8
3887 9
3888 6
3889 7
3890 7
3891 8
3892 7
3893 8
3894 8
3895 9
3896 7
3897 8
3898 8
3899 9
3900 8
3901 9
3902 9
3903 10
3904 5
3905 6
3906 6
3907 7
3908 6
3909 7
3910 7
3911 8
3912 6
3913 7
3914 7
3915 8
3916 7
3917 8
3918 8
3919 9
3920 7
3921 8
3922 8
3923 9
3924 8
3925 9
3926 9
3927 10
3928 7
3929 8
3930 8
3931 9
3932 8
3933 9
3934 9
3935 10
3936 6
3937 7
3938 7
3939 8
3940 7
3941 8
3942 8
3943 9
3944 7
3945 8
3946 8
3947 9
3948 8
3949 9
3950 9
3951 10
3952 7
3953 8
3954 8
3955 9
3956 8
3957 9
3958 9
3959 10
3960 8
3961 9
3962 9
3963 10
3964 9
3965 10
3966 10
3967 11
3968 5
3969 6
3970 6
3971 7
3972 6
3973 7
3974 7
3975 8
3976 6
3977 7
3978 7
3979 8
3980 7
3981 8
3982 8
3983 9
3984 6
3985 7
3986 7
3987 8
3988 7
3989 8
3990 8
3991 9
3992 7
3993 8
3994 8
3995 9
3996 8
3997 9
3998 9
3999 10
4000 6
4001 7
4002 7
4003 8
4004 7
4005 8
4006 8
4007 9
4008 7
4009 8
4010 8
4011 9
4012 8
4013 9
4014 9
4015 10
4016 7
4017 8
4018 8
4019 9
4020 8
4021 9
4022 9
4023 10
4024 8
4025 9
4026 9
4027 10
4028 9
4029 10
4030 10
4031 11
4032 6
4033 7
4034 7
4035 8
4036 7
4037 8
4038 8
4039 9
4040 7
4041 8
4042 8
4043 9
4044 8
4045 9
4046 9
4047 10
4048 7
4049 8
4050 8
4051 9
4052 8
4053 9
4054 9
4055 10
4056 8
4057 9
4058 9
4059 10
4060 9
4061 10
4062 10
4063 11
4064 7
4065 8
4066 8
4067 9
4068 8
4069 9
4070 9
4071 10
4072 8
4073 9
4074 9
4075 10
4076 9
4077 10
4078 10
4079 11
4080 8
4081 9
4082 9
4083 10
4084 9
4085 10
4086 10
4087 11
4088 9
4089 10
4090 10
4091 11
4092 10
4093 11
4094 11
4095 12
4096 1
4097 2
4098 2
4099 3
4100 2
4101 3
4102 3
4103 4
4104 2
4105 3
4106 3
4107 4
4108 3
4109 4
4110 4
4111 5
4112 2
4113 3
4114 3
4115 4
4116 3
4117 4
4118 4
4119 5
4120 3
4121 4
4122 4
4123 5
4124 4
4125 5
4126 5
4127 6
4128 2
4129 3
4130 3
4131 4
4132 3
4133 4
4134 4
4135 5
4136 3
4137 4
4138 4
4139 5
4140 4
4141 5
4142 5
4143 6
4144 3
4145 4
4146 4
4147 5
4148 4
4149 5
4150 5
4151 6
4152 4
4153 5
4154 5
4155 6
4156 5
4157 6
4158 6
4159 7
4160 2
4161 3
4162 3
4163 4
4164 3
4165 4
4166 4
4167 5
4168 3
4169 4
4170 4
4171 5
4172 4
4173 5
4174 5
4175 6
4176 4
4177 5
4178 5
4179 6
4180 5
4181 6
4182 6
4183 7
4184 4
4185 5
4186 5
4187 6
4188 5
4189 6
4190 6
4191 7
4192 3
4193 4
4194 4
4195 5
4196 4
4197 5
4198 5
4199 6
4200 4
4201 5
4202 5
4203 6
4204 5
4205 6
4206 6
4207 7
4208 4
4209 5
4210 5
4211 6
4212 5
4213 6
4214 6
4215 7
4216 5
4217 6
4218 6
4219 7
4220 6
4221 7
4222 7
4223 8
4224 2
4225 3
4226 3
4227 4
4228 3
4229 4
4230 4
4231 5
4232 3
4233 4
4234 4
4235 5
4236 4
4237 5
4238 5
4239 6
4240 3
4241 4
4242 4
4243 5
4244 4
4245 5
4246 5
4247 6
4248 4
4249 5
4250 5
4251 6
4252 5
4253 6
4254 6
4255 7
4256 3
4257 4
4258 4
4259 5
4260 4
4261 5
4262 5
4263 6
4264 4
4265 5
4266 5
4267 6
4268 5
4269 6
4270 6
4271 7
4272 4
4273 5
4274 5
4275 6
4276 5
4277 6
4278 6
4279 7
4280 5
4281 6
4282 6
4283 7
4284 6
4285 7
4286 7
4287 8
4288 3
4289 4
4290 4
4291 5
4292 4
4293 5
4294 5
4295 6
4296 4
4297 5
4298 5
4299 6
4300 5
4301 6
4302 6
4303 7
4304 4
4305 5
4306 5
4307 6
4308 5
4309 6
4310 6
4311 7
4312 5
4313 6
4314 6
4315 7
4316 6
4317 7
4318 7
4319 8
4320 4
4321 5
4322 5
4323 6
4324 5
4325 6
4326 6
4327 7
4328 5
4329 6
4330 6
4331 7
4332 6
4333 7
4334 7
4335 8
4336 5
4337 6
4338 6
4339 7
4340 6
4341 7
4342 7
4343 8
4344 6
4345 7
4346 7
4347 8
4348 7
4349 8
4350 8
4351 9
4352 2
4353 3
4354 3
4355 4
4356 3
4357 4
4358 4
4359 5
4360 3
4361 4
4362 4
4363 5
4364 4
4365 5
4366 5
4367 6
4368 3
4369 4
4370 4
4371 5
4372 4
4373 5
4374 5
4375 6
4376 4
4377 5
4378 5
4379 6
4380 5
4381 6
4382 6
4383 7
4384 3
4385 4
4386 4
4387 5
4388 4
4389 5
4390 5
4391 6
4392 4
4393 5
4394 5
4395 6
4396 5
4397 6
4398 6
4399 7
4400 4
4401 5
4402 5
4403 6
4404 5
4405 6
4406 6
4407 7
4408 5
4409 6
4410 6
4411 7
4412 6
4413 7
4414 7
4415 8
4416 3
4417 4
4418 4
4419 5
4420 4
4421 5
4422 5
4423 6
4424 4
4425 5
4426 5
4427 6
4428 5
4429 6
4430 6
4431 7
4432 5
4433 6
4434 6
4435 7
4436 6
4437 7
4438 7
4439 8
4440 5
4441 6
4442 6
4443 7
4444 6
4445 7
4446 7
4447 8
4448 4
4449 5
4450 5
4451 6
4452 5
4453 6
4454 6
4455 7
4456 5
4457 6
4458 6
4459 7
4460 6
4461 7
4462 7
4463 8
4464 5
4465 6
4466 6
4467 7
4468 6
4469 7
4470 7
4471 8
4472 6
4473 7
4474 7
4475 8
4476 7
4477 8
4478 8
4479 9
4480 3
4481 4
4482 4
4483 5
4484 4
4485 5
4486 5
4487 6
4488 4
4489 5
4490 5
4491 6
4492 5
4493 6
4494 6
4495 7
4496 4
4497 5
4498 5
4499 6
4500 5
4501 6
4502 6
4503 7
4504 5
4505 6
4506 6
4507 7
4508 6
4509 7
4510 7
4511 8
4512 4
4513 5
4514 5
4515 6
4516 5
4517 6
4518 6
4519 7
4520 5
4521 6
4522 6
4523 7
4524 6
4525 7
4526 7
4527 8
4528 5
4529 6
4530 6
4531 7
4532 6
4533 7
4534 7
4535 8
4536 6
4537 7
4538 7
4539 8
4540 7
4541 8
4542 8
4543 9
4544 4
4545 5
4546 5
4547 6
4548 5
4549 6
4550 6
4551 7
4552 5
4553 6
4554 6
4555 7
4556 6
4557 7
4558 7
4559 8
4560 5
4561 6
4562 6
4563 7
4564 6
4565 7
4566 7
4567 8
4568 6
4569 7
4570 7
4571 8
4572 7
4573 8
4574 8
4575 9
4576 5
4577 6
4578 6
4579 7
4580 6
4581 7
4582 7
4583 8
4584 6
4585 7
4586 7
4587 8
4588 7
4589 8
4590 8
4591 9
4592 6
4593 7
4594 7
4595 8
4596 7
4597 8
4598 8
4599 9
4600 7
4601 8
4602 8
4603 9
4604 8
4605 9
4606 9
4607 10
4608 2
4609 3
4610 3
4611 4
4612 3
4613 4
4614 4
4615 5
4616 3
4617 4
4618 4
4619 5
4620 4
4621 5
4622 5
4623 6
4624 3
4625 4
4626 4
4627 5
4628 4
4629 5
4630 5
4631 6
4632 4
4633 5
4634 5
4635 6
4636 5
4637 6
4638 6
4639 7
4640 3
4641 4
4642 4
4643 5
4644 4
4645 5
4646 5
4647 6
4648 4
4649 5
4650 5
4651 6
4652 5
4653 6
4654 6
4655 7
4656 4
4657 5
4658 5
4659 6
4660 5
4661 6
4662 6
4663 7
4664 5
4665 6
4666 6
4667 7
4668 6
4669 7
4670 7
4671 8
4672 3
4673 4
4674 4
4675 5
4676 4
4677 5
4678 5
4679 6
4680 4
4681 5
4682 5
4683 6
4684 5
4685 6
4686 6
4687 7
4688 5
4689 6
4690 6
4691 7
4692 6
4693 7
4694 7
4695 8
4696 5
4697 6
4698 6
4699 7
4700 6
4701 7
4702 7
4703 8
4704 4
4705 5
4706 5
4707 6
4708 5
4709 6
4710 6
4711 7
4712 5
4713 6
4714 6
4715 7
4716 6
4717 7
4718 7
4719 8
4720 5
4721 6
4722 6
4723 7
4724 6
4725 7
4726 7
4727 8
4728 6
4729 7
4730 7
4731 8
4732 7
4733 8
4734 8
4735 9
4736 3
4737 4
4738 4
4739 5
4740 4
4741 5
4742 5
4743 6
4744 4
4745 5
4746 5
4747 6
4748 5
4749 6
4750 6
4751 7
4752 4
4753 5
4754 5
4755 6
4756 5
4757 6
4758 6
4759 7
4760 5
4761 6
4762 6
4763 7
4764 6
4765 7
4766 7
4767 8
4768 4
4769 5
4770 5
4771 6
4772 5
4773 6
4774 6
4775 7
4776 5
4777 6
4778 6
4779 7
4780 6
4781 7
4782 7
4783 8
4784 5
4785 6
4786 6
4787 7
4788 6
4789 7
4790 7
4791 8
4792 6
4793 7
4794 7
4795 8
4796 7
4797 8
4798 8
4799 9
4800 4
4801 5
4802 5
4803 6
4804 5
4805 6
4806 6
4807 7
4808 5
4809 6
4810 6
4811 7
4812 6
4813 7
4814 7
4815 8
4816 5
4817 6
4818 6
4819 7
4820 6
4821 7
4822 7
4823 8
4824 6
4825 7
4826 7
4827 8
4828 7
4829 8
4830 8
4831 9
4832 5
4833 6
4834 6
4835 7
4836 6
4837 7
4838 7
4839 8
4840 6
4841 7
4842 7
4843 8
4844 7
4845 8
4846 8
4847 9
4848 6
4849 7
4850 7
4851 8
4852 7
4853 8
4854 8
4855 9
4856 7
4857 8
4858 8
4859 9
4860 8
4861 9
4862 9
4863 10
4864 3
4865 4
4866 4
4867 5
4868 4
4869 5
4870 5
4871 6
4872 4
4873 5
4874 5
4875 6
4876 5
4877 6
4878 6
4879 7
4880 4
4881 5
4882 5
4883 6
4884 5
4885 6
4886 6
4887 7
4888 5
4889 6
4890 6
4891 7
4892 6
4893 7
4894 7
4895 8
4896 4
4897 5
4898 5
4899 6
4900 5
4901 6
4902 6
4903 7
4904 5
4905 6
4906 6
4907 7
4908 6
4909 7
4910 7
4911 8
4912 5
4913 6
4914 6
4915 7
4916 6
4917 7
4918 7
4919 8
4920 6
4921 7
4922 7
4923 8
4924 7
4925 8
4926 8
4927 9
4928 4
4929 5
4930 5
4931 6
4932 5
4933 6
4934 6
4935 7
4936 5
4937 6
4938 6
4939 7
4940 6
4941 7
4942 7
4943 8
4944 6
4945 7
4946 7
4947 8
4948 7
4949 8
4950 8
4951 9
4952 6
4953 7
4954 7
4955 8
4956 7
4957 8
4958 8
4959 9
4960 5
4961 6
4962 6
4963 7
4964 6
4965 7
4966 7
4967 8
4968 6
4969 7
4970 7
4971 8
4972 7
4973 8
4974 8
4975 9
4976 6
4977 7
4978 7
4979 8
4980 7
4981 8
4982 8
4983 9
4984 7
4985 8
4986 8
4987 9
4988 8
4989 9
4990 9
4991 10
4992 4
4993 5
4994 5
4995 6
4996 5
4997 6
4998 6
4999 7
5000 5
5001 6
5002 6
5003 7
5004 6
5005 7
5006 7
5007 8
5008 5
5009 6
5010 6
5011 7
5012 6
5013 7
5014 7
5015 8
5016 6
5017 7
5018 7
5019 8
5020 7
5021 8
5022 8
5023 9
5024 5
5025 6
5026 6
5027 7
5028 6
5029 7
5030 7
5031 8
5032 6
5033 7
5034 7
5035 8
5036 7
5037 8
5038 8
5039 9
5040 6
5041 7
5042 7
5043 8
5044 7
5045 8
5046 8
5047 9
5048 7
5049 8
5050 8
5051 9
5052 8
5053 9
5054 9
5055 10
5056 5
5057 6
5058 6
5059 7
5060 6
5061 7
5062 7
5063 8
5064 6
5065 7
5066 7
5067 8
5068 7
5069 8
5070 8
5071 9
5072 6
5073 7
5074 7
5075 8
5076 7
5077 8
5078 8
5079 9
5080 7
5081 8
5082 8
5083 9
5084 8
5085 9
5086 9
5087 10
5088 6
5089 7
5090 7
5091 8
5092 7
5093 8
5094 8
5095 9
5096 7
5097 8
5098 8
5099 9
5100 8
5101 9
5102 9
5103 10
5104 7
5105 8
5106 8
5107 9
5108 8
5109 9
5110 9
5111 10
5112 8
5113 9
5114 9
5115 10
5116 9
5117 10
5118 10
5119 11
5120 2
5121 3
5122 3
5123 4
5124 3
5125 4
5126 4
5127 5
5128 3
5129 4
5130 4
5131 5
5132 4
5133 5
5134 5
5135 6
5136 3
5137 4
5138 4
5139 5
5140 4
5141 5
5142 5
5143 6
5144 4
5145 5
5146 5
5147 6
5148 5
5149 6
5150 6
5151 7
5152 3
5153 4
5154 4
5155 5
5156 4
5157 5
5158 5
5159 6
5160 4
5161 5
5162 5
5163 6
5164 5
5165 6
5166 6
5167 7
5168 4
5169 5
5170 5
5171 6
5172 5
5173 6
5174 6
5175 7
5176 5
5177 6
5178 6
5179 7
5180 6
5181 7
5182 7
5183 8
5184 3
5185 4
5186 4
5187 5
5188 4
5189 5
5190 5
5191 6
5192 4
5193 5
5194 5
5195 6
5196 5
5197 6
5198 6
5199 7
5200 5
5201 6
5202 6
5203 7
5204 6
5205 7
5206 7
5207 8
5208 5
5209 6
5210 6
5211 7
5212 6
5213 7
5214 7
5215 8
5216 4
5217 5
5218 5
5219 6
5220 5
5221 6
5222 6
5223 7
5224 5
5225 6
5226 6
5227 7
5228 6
5229 7
5230 7
5231 8
5232 5
5233 6
5234 6
5235 7
5236 6
5237 7
5238 7
5239 8
5240 6
5241 7
5242 7
5243 8
5244 7
5245 8
5246 8
5247 9
5248 3
5249 4
5250 4
5251 5
5252 4
5253 5
5254 5
5255 6
5256 4
5257 5
5258 5
5259 6
5260 5
5261 6
5262 6
5263 7
5264 4
5265 5
5266 5
5267 6
5268 5
5269 6
5270 6
5271 7
5272 5
5273 6
5274 6
5275 7
5276 6
5277 7
5278 7
5279 8
5280 4
5281 5
5282 5
5283 6
5284 5
5285 6
5286 6
5287 7
5288 5
5289 6
5290 6
5291 7
5292 6
5293 7
5294 7
5295 8
5296 5
5297 6
5298 6
5299 7
5300 6
5301 7
5302 7
5303 8
5304 6
5305 7
5306 7
5307 8
5308 7
5309 8
5310 8
5311 9
5312 4
5313 5
5314 5
5315 6
5316 5
5317 6
5318 6
5319 7
5320 5
5321 6
5322 6
5323 7
5324 6
5325 7
5326 7
5327 8
5328 5
5329 6
5330 6
5331 7
5332 6
5333 7
5334 7
5335 8
5336 6
5337 7
5338 7
5339 8
5340 7
5341 8
5342 8
5343 9
5344 5
5345 6
5346 6
5347 7
5348 6
5349 7
5350 7
5351 8
5352 6
5353 7
5354 7
5355 8
5356 7
5357 8
5358 8
5359 9
5360 6
5361 7
5362 7
5363 8
5364 7
5365 8
5366 8
5367 9
5368 7
5369 8
5370 8
5371 9
5372 8
5373 9
5374 9
5375 10
5376 3
5377 4
5378 4
5379 5
5380 4
5381 5
5382 5
5383 6
5384 4
5385 5
5386 5
5387 6
5388 5
5389 6
5390 6
5391 7
5392 4
5393 5
5394 5
5395 6
5396 5
5397 6
5398 6
5399 7
5400 5
5401 6
5402 6
5403 7
5404 6
5405 7
5406 7
5407 8
5408 4
5409 5
5410 5
5411 6
5412 5
5413 6
5414 6
5415 7
5416 5
5417 6
5418 6
5419 7
5420 6
5421 7
5422 7
5423 8
5424 5
5425 6
5426 6
5427 7
5428 6
5429 7
5430 7
5431 8
5432 6
5433 7
5434 7
5435 8
5436 7
5437 8
5438 8
5439 9
5440 4
5441 5
5442 5
5443 6
5444 5
5445 6
5446 6
5447 7
5448 5
5449 6
5450 6
5451 7
5452 6
5453 7
5454 7
5455 8
5456 6
5457 7
5458 7
5459 8
5460 7
5461 8
5462 8
5463 9
5464 6
5465 7
5466 7
5467 8
5468 7
5469 8
5470 8
5471 9
5472 5
5473 6
5474 6
5475 7
5476 6
5477 7
5478 7
5479 8
5480 6
5481 7
5482 7
5483 8
5484 7
5485 8
5486 8
5487 9
5488 6
5489 7
5490 7
5491 8
5492 7
5493 8
5494 8
5495 9
5496 7
5497 8
5498 8
5499 9
5500 8
5501 9
5502 9
5503 10
5504 4
5505 5
5506 5
5507 6
5508 5
5509 6
5510 6
5511 7
5512 5
5513 6
5514 6
5515 7
5516 6
5517 7
5518 7
5519 8
5520 5
5521 6
5522 6
5523 7
5524 6
5525 7
5526 7
5527 8
5528 6
5529 7
5530 7
5531 8
5532 7
5533 8
5534 8
5535 9
5536 5
5537 6
5538 6
5539 7
5540 6
5541 7
5542 7
5543 8
5544 6
5545 7
5546 7
5547 8
5548 7
5549 8
5550 8
5551 9
5552 6
5553 7
5554 7
5555 8
5556 7
5557 8
5558 8
5559 9
5560 7
5561 8
5562 8
5563 9
5564 8
5565 9
5566 9
5567 10
5568 5
5569 6
5570 6
5571 7
5572 6
5573 7
5574 7
5575 8
5576 6
5577 7
5578 7
5579 8
5580 7
5581 8
5582 8
5583 9
5584 6
5585 7
5586 7
5587 8
5588 7
5589 8
5590 8
5591 9
5592 7
5593 8
5594 8
5595 9
5596 8
5597 9
5598 9
5599 10
5600 6
5601 7
5602 7
5603 8
5604 7
5605 8
5606 8
5607 9
5608 7
5609 8
5610 8
5611 9
5612 8
5613 9
5614 9
5615 10
5616 7
5617 8
5618 8
5619 9
5620 8
5621 9
5622 9
5623 10
5624 8
5625 9
5626 9
5627 10
5628 9
5629 10
5630 10
5631 11
5632 3
5633 4
5634 4
5635 5
5636 4
5637 5
5638 5
5639 6
5640 4
5641 5
5642 5
5643 6
5644 5
5645 6
5646 6
5647 7
5648 4
5649 5
5650 5
5651 6
5652 5
5653 6
5654 6
5655 7
5656 5
5657 6
5658 6
5659 7
5660 6
5661 7
5662 7
5663 8
5664 4
5665 5
5666 5
5667 6
5668 5
5669 6
5670 6
5671 7
5672 5
5673 6
5674 6
5675 7
5676 6
5677 7
5678 7
5679 8
5680 5
5681 6
5682 6
5683 7
5684 6
5685 7
5686 7
5687 8
5688 6
5689 7
5690 7
5691 8
5692 7
5693 8
5694 8
5695 9
5696 4
5697 5
5698 5
5699 6
5700 5
5701 6
5702 6
5703 7
5704 5
5705 6
5706 6
5707 7
5708 6
5709 7
5710 7
5711 8
5712 6
5713 7
5714 7
5715 8
5716 7
5717 8
5718 8
5719 9
5720 6
5721 7
5722 7
5723 8
5724 7
5725 8
5726 8
5727 9
5728 5
5729 6
5730 6
5731 7
5732 6
5733 7
5734 7
5735 8
5736 6
5737 7
5738 7
5739 8
5740 7
5741 8
5742 8
5743 9
5744 6
5745 7
5746 7
5747 8
5748 7
5749 8
5750 8
5751 9
5752 7
5753 8
5754 8
5755 9
5756 8
5757 9
5758 9
5759 10
5760 4
5761 5
5762 5
5763 6
5764 5
5765 6
5766 6
5767 7
5768 5
5769 6
5770 6
5771 7
5772 6
5773 7
5774 7
5775 8
5776 5
5777 6
5778 6
5779 7
5780 6
5781 7
5782 7
5783 8
5784 6
5785 7
5786 7
5787 8
5788 7
5789 8
5790 8
5791 9
5792 5
5793 6
5794 6
5795 7
5796 6
5797 7
5798 7
5799 8
5800 6
5801 7
5802 7
5803 8
5804 7
5805 8
5806 8
5807 9
5808 6
5809 7
5810 7
5811 8
5812 7
5813 8
5814 8
5815 9
5816 7
5817 8
5818 8
5819 9
5820 8
5821 9
5822 9
5823 10
5824 5
5825 6
5826 6
5827 7
5828 6
5829 7
5830 7
5831 8
5832 6
5833 7
5834 7
5835 8
5836 7
5837 8
5838 8
5839 9
5840 6
5841 7
5842 7
5843 8
5844 7
5845 8
5846 8
5847 9
5848 7
5849 8
5850 8
5851 9
5852 8
5853 9
5854 9
5855 10
5856 6
5857 7
5858 7
5859 8
5860 7
5861 8
5862 8
5863 9
5864 7
5865 8
5866 8
5867 9
5868 8
5869 9
5870 9
5871 10
5872 7
5873 8
5874 8
5875 9
5876 8
5877 9
5878 9
5879 10
5880 8
5881 9
5882 9
5883 10
5884 9
5885 10
5886 10
5887 11
5888 4
5889 5
5890 5
5891 6
5892 5
5893 6
5894 6
5895 7
5896 5
5897 6
5898 6
5899 7
5900 6
5901 7
5902 7
5903 8
5904 5
5905 6
5906 6
5907 7
5908 6
5909 7
5910 7
5911 8
5912 6
5913 7
5914 7
5915 8
5916 7
5917 8
5918 8
5919 9
5920 5
5921 6
5922 6
5923 7
5924 6
5925 7
5926 7
5927 8
5928 6
5929 7
5930 7
5931 8
5932 7
5933 8
5934 8
5935 9
5936 6
5937 7
5938 7
5939 8
5940 7
5941 8
5942 8
5943 9
5944 7
5945 8
5946 8
5947 9
5948 8
5949 9
5950 9
5951 10
5952 5
5953 6
5954 6
5955 7
5956 6
5957 7
5958 7
5959 8
5960 6
5961 7
5962 7
5963 8
5964 7
5965 8
5966 8
5967 9
5968 7
5969 8
5970 8
5971 9
5972 8
5973 9
5974 9
5975 10
5976 7
5977 8
5978 8
5979 9
5980 8
5981 9
5982 9
5983 10
5984 6
5985 7
5986 7
5987 8
5988 7
5989 8
5990 8
5991 9
5992 7
5993 8
5994 8
5995 9
5996 8
5997 9
5998 9
5999 10
6000 7
6001 8
6002 8
6003 9
6004 8
6005 9
6006 9
6007 10
6008 8
6009 9
6010 9
6011 10
6012 9
6013 10
6014 10
6015 11
6016 5
6017 6
6018 6
6019 7
6020 6
6021 7
6022 7
6023 8
6024 6
6025 7
6026 7
6027 8
6028 7
6029 8
6030 8
6031 9
6032 6
6033 7
6034 7
6035 8
6036 7
6037 8
6038 8
6039 9
6040 7
6041 8
6042 8
6043 9
6044 8
6045 9
6046 9
6047 10
6048 6
6049 7
6050 7
6051 8
6052 7
6053 8
6054 8
6055 9
6056 7
6057 8
6058 8
6059 9
6060 8
6061 9
6062 9
6063 10
6064 7
6065 8
6066 8
6067 9
6068 8
6069 9
6070 9
6071 10
6072 8
6073 9
6074 9
6075 10
6076 9
6077 10
6078 10
6079 11
6080 6
6081 7
6082 7
6083 8
6084 7
6085 8
6086 8
6087 9
6088 7
6089 8
6090 8
6091 9
6092 8
6093 9
6094 9
6095 10
6096 7
6097 8
6098 8
6099 9
6100 8
6101 9
6102 9
6103 10
6104 8
6105 9
6106 9
6107 10
6108 9
6109 10
6110 10
6111 11
6112 7
6113 8
6114 8
6115 9
6116 8
6117 9
6118 9
6119 10
6120 8
6121 9
6122 9
6123 10
6124 9
6125 10
6126 10
6127 11
6128 8
6129 9
6130 9
6131 10
6132 9
6133 10
6134 10
6135 11
6136 9
6137 10
6138 10
6139 11
6140 10
6141 11
6142 11
6143 12
6144 2
6145 3
6146 3
6147 4
6148 3
6149 4
6150 4
6151 5
6152 3
6153 4
6154 4
6155 5
6156 4
6157 5
6158 5
6159 6
6160 3
6161 4
6162 4
6163 5
6164 4
6165 5
6166 5
6167 6
6168 4
6169 5
6170 5
6171 6
6172 5
6173 6
6174 6
6175 7
6176 3
6177 4
6178 4
6179 5
6180 4
6181 5
6182 5
6183 6
6184 4
6185 5
6186 5
6187 6
6188 5
6189 6
6190 6
6191 7
6192 4
6193 5
6194 5
6195 6
6196 5
6197 6
6198 6
6199 7
6200 5
6201 6
6202 6
6203 7
6204 6
6205 7
6206 7
6207 8
6208 3
6209 4
6210 4
6211 5
6212 4
6213 5
6214 5
6215 6
6216 4
6217 5
6218 5
6219 6
6220 5
6221 6
6222 6
6223 7
6224 5
6225 6
6226 6
6227 7
6228 6
6229 7
6230 7
6231 8
6232 5
6233 6
6234 6
6235 7
6236 6
6237 7
6238 7
6239 8
6240 4
6241 5
6242 5
6243 6
6244 5
6245 6
6246 6
6247 7
6248 5
6249 6
6250 6
6251 7
6252 6
6253 7
6254 7
6255 8
6256 5
6257 6
6258 6
6259 7
6260 6
6261 7
6262 7
6263 8
6264 6
6265 7
6266 7
6267 8
6268 7
6269 8
6270 8
6271 9
6272 3
6273 4
6274 4
6275 5
6276 4
6277 5
6278 5
6279 6
6280 4
6281 5
6282 5
6283 6
6284 5
6285 6
6286 6
6287 7
6288 4
6289 5
6290 5
6291 6
6292 5
6293 6
6294 6
6295 7
6296 5
6297 6
6298 6
6299 7
6300 6
6301 7
6302 7
6303 8
6304 4
6305 5
6306 5
6307 6
6308 5
6309 6
6310 6
6311 7
6312 5
6313 6
6314 6
6315 7
6316 6
6317 7
6318 7
6319 8
6320 5
6321 6
6322 6
6323 7
6324 6
6325 7
6326 7
6327 8
6328 6
6329 7
6330 7
6331 8
6332 7
6333 8
6334 8
6335 9
6336 4
6337 5
6338 5
6339 6
6340 5
6341 6
6342 6
6343 7
6344 5
6345 6
6346 6
6347 7
6348 6
6349 7
6350 7
6351 8
6352 5
6353 6
6354 6
6355 7
6356 6
6357 7
6358 7
6359 8
6360 6
6361 7
6362 7
6363 8
6364 7
6365 8
6366 8
6367 9
6368 5
6369 6
6370 6
6371 7
6372 6
6373 7
6374 7
6375 8
6376 6
6377 7
6378 7
6379 8
6380 7
6381 8
6382 8
6383 9
6384 6
6385 7
6386 7
6387 8
6388 7
6389 8
6390 8
6391 9
6392 7
6393 8
6394 8
6395 9
6396 8
6397 9
6398 9
6399 10
6400 3
6401 4
6402 4
6403 5
6404 4
6405 5
6406 5
6407 6
6408 4
6409 5
6410 5
6411 6
6412 5
6413 6
6414 6
6415 7
6416 4
6417 5
6418 5
6419 6
6420 5
6421 6
6422 6
6423 7
6424 5
6425 6
6426 6
6427 7
6428 6
6429 7
6430 7
6431 8
6432 4
6433 5
6434 5
6435 6
6436 5
6437 6
6438 6
6439 7
6440 5
6441 6
6442 6
6443 7
6444 6
6445 7
6446 7
6447 8
6448 5
6449 6
6450 6
6451 7
6452 6
6453 7
6454 7
6455 8
6456 6
6457 7
6458 7
6459 8
6460 7
6461 8
6462 8
6463 9
6464 4
6465 5
6466 5
6467 6
6468 5
6469 6
6470 6
6471 7
6472 5
6473 6
6474 6
6475 7
6476 6
6477 7
6478 7
6479 8
6480 6
6481 7
6482 7
6483 8
6484 7
6485 8
6486 8
6487 9
6488 6
6489 7
6490 7
6491 8
6492 7
6493 8
6494 8
6495 9
6496 5
6497 6
6498 6
6499 7
6500 6
6501 7
6502 7
6503 8
6504 6
6505 7
6506 7
6507 8
6508 7
6509 8
6510 8
6511 9
6512 6
6513 7
6514 7
6515 8
6516 7
6517 8
6518 8
6519 9
6520 7
6521 8
6522 8
6523 9
6524 8
6525 9
6526 9
6527 10
6528 4
6529 5
6530 5
6531 6
6532 5
6533 6
6534 6
6535 7
6536 5
6537 6
6538 6
6539 7
6540 6
6541 7
6542 7
6543 8
6544 5
6545 6
6546 6
6547 7
6548 6
6549 7
6550 7
6551 8
6552 6
6553 7
6554 7
6555 8
6556 7
6557 8
6558 8
6559 9
6560 5
6561 6
6562 6
6563 7
6564 6
6565 7
6566 7
6567 8
6568 6
6569 7
6570 7
6571 8
6572 7
6573 8
6574 8
6575 9
6576 6
6577 7
6578 7
6579 8
6580 7
6581 8
6582 8
6583 9
6584 7
6585 8
6586 8
6587 9
6588 8
6589 9
6590 9
6591 10
6592 5
6593 6
6594 6
6595 7
6596 6
6597 7
6598 7
6599 8
6600 6
6601 7
6602 7
6603 8
6604 7
6605 8
6606 8
6607 9
6608 6
6609 7
6610 7
6611 8
6612 7
6613 8
6614 8
6615 9
6616 7
6617 8
6618 8
6619 9
6620 8
6621 9
6622 9
6623 10
6624 6
6625 7
6626 7
6627 8
6628 7
6629 8
6630 8
6631 9
6632 7
6633 8
6634 8
6635 9
6636 8
6637 9
6638 9
6639 10
6640 7
6641 8
6642 8
6643 9
6644 8
6645 9
6646 9
6647 10
6648 8
6649 9
6650 9
6651 10
6652 9
6653 10
6654 10
6655 11
6656 3
6657 4
6658 4
6659 5
6660 4
6661 5
6662 5
6663 6
6664 4
6665 5
6666 5
6667 6
6668 5
6669 6
6670 6
6671 7
6672 4
6673 5
6674 5
6675 6
6676 5
6677 6
6678 6
6679 7
6680 5
6681 6
6682 6
6683 7
6684 6
6685 7
6686 7
6687 8
6688 4
6689 5
6690 5
6691 6
6692 5
6693 6
6694 6
6695 7
6696 5
6697 6
6698 6
6699 7
6700 6
6701 7
6702 7
6703 8
6704 5
6705 6
6706 6
6707 7
6708 6
6709 7
6710 7
6711 8
6712 6
6713 7
6714 7
6715 8
6716 7
6717 8
6718 8
6719 9
6720 4
6721 5
6722 5
6723 6
6724 5
6725 6
6726 6
6727 7
6728 5
6729 6
6730 6
6731 7
6732 6
6733 7
6734 7
6735 8
6736 6
6737 7
6738 7
6739 8
6740 7
6741 8
6742 8
6743 9
6744 6
6745 7
6746 7
6747 8
6748 7
6749 8
6750 8
6751 9
6752 5
6753 6
6754 6
6755 7
6756 6
6757 7
6758 7
6759 8
6760 6
6761 7
6762 7
6763 8
6764 7
6765 8
6766 8
6767 9
6768 6
6769 7
6770 7
6771 8
6772 7
6773 8
6774 8
6775 9
6776 7
6777 8
6778 8
6779 9
6780 8
6781 9
6782 9
6783 10
6784 4
6785 5
6786 5
6787 6
6788 5
6789 6
6790 6
6791 7
6792 5
6793 6
6794 6
6795 7
6796 6
6797 7
6798 7
6799 8
6800 5
6801 6
6802 6
6803 7
6804 6
6805 7
6806 7
6807 8
6808 6
6809 7
6810 7
6811 8
6812 7
6813 8
6814 8
6815 9
6816 5
6817 6
6818 6
6819 7
6820 6
6821 7
6822 7
6823 8
6824 6
6825 7
6826 7
6827 8
6828 7
6829 8
6830 8
6831 9
6832 6
6833 7
6834 7
6835 8
6836 7
6837 8
6838 8
6839 9
6840 7
6841 8
6842 8
6843 9
6844 8
6845 9
6846 9
6847 10
6848 5
6849 6
6850 6
6851 7
6852 6
6853 7
6854 7
6855 8
6856 6
6857 7
6858 7
6859 8
6860 7
6861 8
6862 8
6863 9
6864 6
6865 7
6866 7
6867 8
6868 7
6869 8
6870 8
6871 9
6872 7
6873 8
6874 8
6875 9
6876 8
6877 9
6878 9
6879 10
6880 6
6881 7
6882 7
6883 8
6884 7
6885 8
6886 8
6887 9
6888 7
6889 8
6890 8
6891 9
6892 8
6893 9
6894 9
6895 10
6896 7
6897 8
6898 8
6899 9
6900 8
6901 9
6902 9
6903 10
6904 8
6905 9
6906 9
6907 10
6908 9
6909 10
6910 10
6911 11
6912 4
6913 5
6914 5
6915 6
6916 5
6917 6
6918 6
6919 7
6920 5
6921 6
6922 6
6923 7
6924 6
6925 7
6926 7
6927 8
6928 5
6929 6
6930 6
6931 7
6932 6
6933 7
6934 7
6935 8
6936 6
6937 7
6938 7
6939 8
6940 7
6941 8
6942 8
6943 9
6944 5
6945 6
6946 6
6947 7
6948 6
6949 7
6950 7
6951 8
6952 6
6953 7
6954 7
6955 8
6956 7
6957 8
6958 8
6959 9
6960 6
6961 7
6962 7
6963 8
6964 7
6965 8
6966 8
6967 9
6968 7
6969 8
6970 8
6971 9
6972 8
6973 9
6974 9
6975 10
6976 5
6977 6
6978 6
6979 7
6980 6
6981 7
6982 7
6983 8
6984 6
6985 7
6986 7
6987 8
6988 7
6989 8
6990 8
6991 9
6992 7
6993 8
6994 8
6995 9
6996 8
6997 9
6998 9
6999 10
7000 7
7001 8
7002 8
7003 9
7004 8
7005 9
7006 9
7007 10
7008 6
7009 7
7010 7
7011 8
7012 7
7013 8
7014 8
7015 9
7016 7
7017 8
7018 8
7019 9
7020 8
7021 9
7022 9
7023 10
7024 7
7025 8
7026 8
7027 9
7028 8
7029 9
7030 9
7031 10
7032 8
7033 9
7034 9
7035 10
7036 9
7037 10
7038 10
7039 11
7040 5
7041 6
7042 6
7043 7
7044 6
7045 7
7046 7
7047 8
7048 6
7049 7
7050 7
7051 8
7052 7
7053 8
7054 8
7055 9
7056 6
7057 7
7058 7
7059 8
7060 7
7061 8
7062 8
7063 9
7064 7
7065 8
7066 8
7067 9
7068 8
7069 9
7070 9
7071 10
7072 6
7073 7
7074 7
7075 8
7076 7
7077 8
7078 8
7079 9
7080 7
7081 8
7082 8
7083 9
7084 8
7085 9
7086 9
7087 10
7088 7
7089 8
7090 8
7091 9
7092 8
7093 9
7094 9
7095 10
7096 8
7097 9
7098 9
7099 10
7100 9
7101 10
7102 10
7103 11
7104 6
7105 7
7106 7
7107 8
7108 7
7109 8
7110 8
7111 9
7112 7
7113 8
7114 8
7115 9
7116 8
7117 9
7118 9
7119 10
7120 7
7121 8
7122 8
7123 9
7124 8
7125 9
7126 9
7127 10
7128 8
7129 9
7130 9
7131 10
7132 9
7133 10
7134 10
7135 11
7136 7
7137 8
7138 8
7139 9
7140 8
7141 9
7142 9
7143 10
7144 8
7145 9
7146 9
7147 10
7148 9
7149 10
7150 10
7151 11
7152 8
7153 9
7154 9
7155 10
7156 9
7157 10
7158 10
7159 11
7160 9
7161 10
7162 10
7163 11
7164 10
7165 11
7166 11
7167 12
7168 3
7169 4
7170 4
7171 5
7172 4
7173 5
7174 5
7175 6
7176 4
7177 5
7178 5
7179 6
7180 5
7181 6
7182 6
7183 7
7184 4
7185 5
7186 5
7187 6
7188 5
7189 6
7190 6
7191 7
7192 5
7193 6
7194 6
7195 7
7196 6
7197 7
7198 7
7199 8
7200 4
7201 5
7202 5
7203 6
7204 5
7205 6
7206 6
7207 7
7208 5
7209 6
7210 6
7211 7
7212 6
7213 7
7214 7
7215 8
7216 5
7217 6
7218 6
7219 7
7220 6
7221 7
7222 7
7223 8
7224 6
7225 7
7226 7
7227 8
7228 7
7229 8
7230 8
7231 9
7232 4
7233 5
7234 5
7235 6
7236 5
7237 6
7238 6
7239 7
7240 5
7241 6
7242 6
7243 7
7244 6
7245 7
7246 7
7247 8
7248 6
7249 7
7250 7
7251 8
7252 7
7253 8
7254 8
7255 9
7256 6
7257 7
7258 7
7259 8
7260 7
7261 8
7262 8
7263 9
7264 5
7265 6
7266 6
7267 7
7268 6
7269 7
7270 7
7271 8
7272 6
7273 7
7274 7
7275 8
7276 7
7277 8
7278 8
7279 9
7280 6
7281 7
7282 7
7283 8
7284 7
7285 8
7286 8
7287 9
7288 7
7289 8
7290 8
7291 9
7292 8
7293 9
7294 9
7295 10
7296 4
7297 5
7298 5
7299 6
7300 5
7301 6
7302 6
7303 7
7304 5
7305 6
7306 6
7307 7
7308 6
7309 7
7310 7
7311 8
7312 5
7313 6
7314 6
7315 7
7316 6
7317 7
7318 7
7319 8
7320 6
7321 7
7322 7
7323 8
7324 7
7325 8
7326 8
7327 9
7328 5
7329 6
7330 6
7331 7
7332 6
7333 7
7334 7
7335 8
7336 6
7337 7
7338 7
7339 8
7340 7
7341 8
7342 8
7343 9
7344 6
7345 7
7346 7
7347 8
7348 7
7349 8
7350 8
7351 9
7352 7
7353 8
7354 8
7355 9
7356 8
7357 9
7358 9
7359 10
7360 5
7361 6
7362 6
7363 7
7364 6
7365 7
7366 7
7367 8
7368 6
7369 7
7370 7
7371 8
7372 7
7373 8
7374 8
7375 9
7376 6
7377 7
7378 7
7379 8
7380 7
7381 8
7382 8
7383 9
7384 7
7385 8
7386 8
7387 9
7388 8
7389 9
7390 9
7391 10
7392 6
7393 7
7394 7
7395 8
7396 7
7397 8
7398 8
7399 9
7400 7
7401 8
7402 8
7403 9
7404 8
7405 9
7406 9
7407 10
7408 7
7409 8
7410 8
7411 9
7412 8
7413 9
7414 9
7415 10
7416 8
7417 9
7418 9
7419 10
7420 9
7421 10
7422 10
7423 11
7424 4
7425 5
7426 5
7427 6
7428 5
7429 6
7430 6
7431 7
7432 5
7433 6
7434 6
7435 7
7436 6
7437 7
7438 7
7439 8
7440 5
7441 6
7442 6
7443 7
7444 6
7445 7
7446 7
7447 8
7448 6
7449 7
7450 7
7451 8
7452 7
7453 8
7454 8
7455 9
7456 5
7457 6
7458 6
7459 7
7460 6
7461 7
7462 7
7463 8
7464 6
7465 7
7466 7
7467 8
7468 7
7469 8
7470 8
7471 9
7472 6
7473 7
7474 7
7475 8
7476 7
7477 8
7478 8
7479 9
7480 7
7481 8
7482 8
7483 9
7484 8
7485 9
7486 9
7487 10
7488 5
7489 6
7490 6
7491 7
7492 6
7493 7
7494 7
7495 8
7496 6
7497 7
7498 7
7499 8
7500 7
7501 8
7502 8
7503 9
7504 7
7505 8
7506 8
7507 9
7508 8
7509 9
7510 9
7511 10
7512 7
7513 8
7514 8
7515 9
7516 8
7517 9
7518 9
7519 10
7520 6
7521 7
7522 7
7523 8
7524 7
7525 8
7526 8
7527 9
7528 7
7529 8
7530 8
7531 9
7532 8
7533 9
7534 9
7535 10
7536 7
7537 8
7538 8
7539 9
7540 8
7541 9
7542 9
7543 10
7544 8
7545 9
7546 9
7547 10
7548 9
7549 10
7550 10
7551 11
7552 5
7553 6
7554 6
7555 7
7556 6
7557 7
7558 7
7559 8
7560 6
7561 7
7562 7
7563 8
7564 7
7565 8
7566 8
7567 9
7568 6
7569 7
7570 7
7571 8
7572 7
7573 8
7574 8
7575 9
7576 7
7577 8
7578 8
7579 9
7580 8
7581 9
7582 9
7583 10
7584 6
7585 7
7586 7
7587 8
7588 7
7589 8
7590 8
7591 9
7592 7
7593 8
7594 8
7595 9
7596 8
7597 9
7598 9
7599 10
7600 7
7601 8
7602 8
7603 9
7604 8
7605 9
7606 9
7607 10
7608 8
7609 9
7610 9
7611 10
7612 9
7613 10
7614 10
7615 11
7616 6
7617 7
7618 7
7619 8
7620 7
7621 8
7622 8
7623 9
7624 7
7625 8
7626 8
7627 9
7628 8
7629 9
7630 9
7631 10
7632 7
7633 8
7634 8
7635 9
7636 8
7637 9
7638 9
7639 10
7640 8
7641 9
7642 9
7643 10
7644 9
7645 10
7646 10
7647 11
7648 7
7649 8
7650 8
7651 9
7652 8
7653 9
7654 9
7655 10
7656 8
7657 9
7658 9
7659 10
7660 9
7661 10
7662 10
7663 11
7664 8
7665 9
7666 9
7667 10
7668 9
7669 10
7670 10
7671 11
7672 9
7673 10
7674 10
7675 11
7676 10
7677 11
7678 11
7679 12
7680 4
7681 5
7682 5
7683 6
7684 5
7685 6
7686 6
7687 7
7688 5
7689 6
7690 6
7691 7
7692 6
7693 7
7694 7
7695 8
7696 5
7697 6
7698 6
7699 7
7700 6
7701 7
7702 7
7703 8
7704 6
7705 7
7706 7
7707 8
7708 7
7709 8
7710 8
7711 9
7712 5
7713 6
7714 6
7715 7
7716 6
7717 7
7718 7
7719 8
7720 6
7721 7
7722 7
7723 8
7724 7
7725 8
7726 8
7727 9
7728 6
7729 7
7730 7
7731 8
7732 7
7733 8
7734 8
7735 9
7736 7
7737 8
7738 8
7739 9
7740 8
7741 9
7742 9
7743 10
7744 5
7745 6
7746 6
7747 7
7748 6
7749 7
7750 7
7751 8
7752 6
7753 7
7754 7
7755 8
7756 7
7757 8
7758 8
7759 9
7760 7
7761 8
7762 8
7763 9
7764 8
7765 9
7766 9
7767 10
7768 7
7769 8
7770 8
7771 9
7772 8
7773 9
7774 9
7775 10
7776 6
7777 7
7778 7
7779 8
7780 7
7781 8
7782 8
7783 9
7784 7
7785 8
7786 8
7787 9
7788 8
7789 9
7790 9
7791 10
7792 7
7793 8
7794 8
7795 9
7796 8
7797 9
7798 9
7799 10
7800 8
7801 9
7802 9
7803 10
7804 9
7805 10
7806 10
7807 11
7808 5
7809 6
7810 6
7811 7
7812 6
7813 7
7814 7
7815 8
7816 6
7817 7
7818 7
7819 8
7820 7
7821 8
7822 8
7823 9
7824 6
7825 7
7826 7
7827 8
7828 7
7829 8
7830 8
7831 9
7832 7
7833 8
7834 8
7835 9
7836 8
7837 9
7838 9
7839 10
7840 6
7841 7
7842 7
7843 8
7844 7
7845 8
7846 8
7847 9
7848 7
7849 8
7850 8
7851 9
7852 8
7853 9
7854 9
7855 10
7856 7
7857 8
7858 8
7859 9
7860 8
7861 9
7862 9
7863 10
7864 8
7865 9
7866 9
7867 10
7868 9
7869 10
7870 10
7871 11
7872 6
7873 7
7874 7
7875 8
7876 7
7877 8
7878 8
7879 9
7880 7
7881 8
7882 8
7883 9
7884 8
7885 9
7886 9
7887 10
7888 7
7889 8
7890 8
7891 9
7892 8
7893 9
7894 9
7895 10
7896 8
7897 9
7898 9
7899 10
7900 9
7901 10
7902 10
7903 11
7904 7
7905 8
7906 8
7907 9
7908 8
7909 9
7910 9
7911 10
7912 8
7913 9
7914 9
7915 10
7916 9
7917 10
7918 10
7919 11
7920 8
7921 9
7922 9
7923 10
7924 9
7925 10
7926 10
7927 11
7928 9
7929 10
7930 10
7931 11
7932 10
7933 11
7934 11
7935 12
7936 5
7937 6
7938 6
7939 7
7940 6
7941 7
7942 7
7943 8
7944 6
7945 7
7946 7
7947 8
7948 7
7949 8
7950 8
7951 9
7952 6
7953 7
7954 7
7955 8
7956 7
7957 8
7958 8
7959 9
7960 7
7961 8
7962 8
7963 9
7964 8
7965 9
7966 9
7967 10
7968 6
7969 7
7970 7
7971 8
7972 7
7973 8
7974 8
7975 9
7976 7
7977 8
7978 8
7979 9
7980 8
7981 9
7982 9
7983 10
7984 7
7985 8
7986 8
7987 9
7988 8
7989 9
7990 9
7991 10
7992 8
7993 9
7994 9
7995 10
7996 9
7997 10
7998 10
7999 11
8000 6
8001 7
8002 7
8003 8
8004 7
8005 8
8006 8
8007 9
8008 7
8009 8
8010 8
8011 9
8012 8
8013 9
8014 9
8015 10
8016 8
8017 9
8018 9
8019 10
8020 9
8021 10
8022 10
8023 11
8024 8
8025 9
8026 9
8027 10
8028 9
8029 10
8030 10
8031 11
8032 7
8033 8
8034 8
8035 9
8036 8
8037 9
8038 9
8039 10
8040 8
8041 9
8042 9
8043 10
8044 9
8045 10
8046 10
8047 11
8048 8
8049 9
8050 9
8051 10
8052 9
8053 10
8054 10
8055 11
8056 9
8057 10
8058 10
8059 11
8060 10
8061 11
8062 11
8063 12
8064 6
8065 7
8066 7
8067 8
8068 7
8069 8
8070 8
8071 9
8072 7
8073 8
8074 8
8075 9
8076 8
8077 9
8078 9
8079 10
8080 7
8081 8
8082 8
8083 9
8084 8
8085 9
8086 9
8087 10
8088 8
8089 9
8090 9
8091 10
8092 9
8093 10
8094 10
8095 11
8096 7
8097 8
8098 8
8099 9
8100 8
8101 9
8102 9
8103 10
8104 8
8105 9
8106 9
8107 10
8108 9
8109 10
8110 10
8111 11
8112 8
8113 9
8114 9
8115 10
8116 9
8117 10
8118 10
8119 11
8120 9
8121 10
8122 10
8123 11
8124 10
8125 11
8126 11
8127 12
8128 7
8129 8
8130 8
8131 9
8132 8
8133 9
8134 9
8135 10
8136 8
8137 9
8138 9
8139 10
8140 9
8141 10
8142 10
8143 11
8144 8
8145 9
8146 9
8147 10
8148 9
8149 10
8150 10
8151 11
8152 9
8153 10
8154 10
8155 11
8156 10
8157 11
8158 11
8159 12
8160 8
8161 9
8162 9
8163 10
8164 9
8165 10
8166 10
8167 11
8168 9
8169 10
8170 10
8171 11
8172 10
8173 11
8174 11
8175 12
8176 9
8177 10
8178 10
8179 11
8180 10
8181 11
8182 11
8183 12
8184 10
8185 11
8186 11
8187 12
8188 11
8189 12
8190 12
8191 13
8192 1
8193 2
8194 2
8195 3
8196 2
8197 3
8198 3
8199 4
8200 2
8201 3
8202 3
8203 4
8204 3
8205 4
8206 4
8207 5
8208 2
8209 3
8210 3
8211 4
8212 3
8213 4
8214 4
8215 5
8216 3
8217 4
8218 4
8219 5
8220 4
8221 5
8222 5
8223 6
8224 2
8225 3
8226 3
8227 4
8228 3
8229 4
8230 4
8231 5
8232 3
8233 4
8234 4
8235 5
8236 4
8237 5
8238 5
8239 6
8240 3
8241 4
8242 4
8243 5
8244 4
8245 5
8246 5
8247 6
8248 4
8249 5
8250 5
8251 6
8252 5
8253 6
8254 6
8255 7
8256 2
8257 3
8258 3
8259 4
8260 3
8261 4
8262 4
8263 5
8264 3
8265 4
8266 4
8267 5
8268 4
8269 5
8270 5
8271 6
8272 4
8273 5
8274 5
8275 6
8276 5
8277 6
8278 6
8279 7
8280 4
8281 5
8282 5
8283 6
8284 5
8285 6
8286 6
8287 7
8288 3
8289 4
8290 4
8291 5
8292 4
8293 5
8294 5
8295 6
8296 4
8297 5
8298 5
8299 6
8300 5
8301 6
8302 6
8303 7
8304 4
8305 5
8306 5
8307 6
8308 5
8309 6
8310 6
8311 7
8312 5
8313 6
8314 6
8315 7
8316 6
8317 7
8318 7
8319 8
8320 2
8321 3
8322 3
8323 4
8324 3
8325 4
8326 4
8327 5
8328 3
8329 4
8330 4
8331 5
8332 4
8333 5
8334 5
8335 6
8336 3
8337 4
8338 4
8339 5
8340 4
8341 5
8342 5
8343 6
8344 4
8345 5
8346 5
8347 6
8348 5
8349 6
8350 6
8351 7
8352 3
8353 4
8354 4
8355 5
8356 4
8357 5
8358 5
8359 6
8360 4
8361 5
8362 5
8363 6
8364 5
8365 6
8366 6
8367 7
8368 4
8369 5
8370 5
8371 6
8372 5
8373 6
8374 6
8375 7
8376 5
8377 6
8378 6
8379 7
8380 6
8381 7
8382 7
8383 8
8384 3
8385 4
8386 4
8387 5
8388 4
8389 5
8390 5
8391 6
8392 4
8393 5
8394 5
8395 6
8396 5
8397 6
8398 6
8399 7
8400 4
8401 5
8402 5
8403 6
8404 5
8405 6
8406 6
8407 7
8408 5
8409 6
8410 6
8411 7
8412 6
8413 7
8414 7
8415 8
8416 4
8417 5
8418 5
8419 6
8420 5
8421 6
8422 6
8423 7
8424 5
8425 6
8426 6
8427 7
8428 6
8429 7
8430 7
8431 8
8432 5
8433 6
8434 6
8435 7
8436 6
8437 7
8438 7
8439 8
8440 6
8441 7
8442 7
8443 8
8444 7
8445 8
8446 8
8447 9
8448 2
8449 3
8450 3
8451 4
8452 3
8453 4
8454 4
8455 5
8456 3
8457 4
8458 4
8459 5
8460 4
8461 5
8462 5
8463 6
8464 3
8465 4
8466 4
8467 5
8468 4
8469 5
8470 5
8471 6
8472 4
8473 5
8474 5
8475 6
8476 5
8477 6
8478 6
8479 7
8480 3
8481 4
8482 4
8483 5
8484 4
8485 5
8486 5
8487 6
8488 4
8489 5
8490 5
8491 6
8492 5
8493 6
8494 6
8495 7
8496 4
8497 5
8498 5
8499 6
8500 5
8501 6
8502 6
8503 7
8504 5
8505 6
8506 6
8507 7
8508 6
8509 7
8510 7
8511 8
8512 3
8513 4
8514 4
8515 5
8516 4
8517 5
8518 5
8519 6
8520 4
8521 5
8522 5
8523 6
8524 5
8525 6
8526 6
8527 7
8528 5
8529 6
8530 6
8531 7
8532 6
8533 7
8534 7
8535 8
8536 5
8537 6
8538 6
8539 7
8540 6
8541 7
8542 7
8543 8
8544 4
8545 5
8546 5
8547 6
8548 5
8549 6
8550 6
8551 7
8552 5
8553 6
8554 6
8555 7
8556 6
8557 7
8558 7
8559 8
8560 5
8561 6
8562 6
8563 7
8564 6
8565 7
8566 7
8567 8
8568 6
8569 7
8570 7
8571 8
8572 7
8573 8
8574 8
8575 9
8576 3
8577 4
8578 4
8579 5
8580 4
8581 5
8582 5
8583 6
8584 4
8585 5
8586 5
8587 6
8588 5
8589 6
8590 6
8591 7
8592 4
8593 5
8594 5
8595 6
8596 5
8597 6
8598 6
8599 7
8600 5
8601 6
8602 6
8603 7
8604 6
8605 7
8606 7
8607 8
8608 4
8609 5
8610 5
8611 6
8612 5
8613 6
8614 6
8615 7
8616 5
8617 6
8618 6
8619 7
8620 6
8621 7
8622 7
8623 8
8624 5
8625 6
8626 6
8627 7
8628 6
8629 7
8630 7
8631 8
8632 6
8633 7
8634 7
8635 8
8636 7
8637 8
8638 8
8639 9
8640 4
8641 5
8642 5
8643 6
8644 5
8645 6
8646 6
8647 7
8648 5
8649 6
8650 6
8651 7
8652 6
8653 7
8654 7
8655 8
8656 5
8657 6
8658 6
8659 7
8660 6
8661 7
8662 7
8663 8
8664 6
8665 7
8666 7
8667 8
8668 7
8669 8
8670 8
8671 9
8672 5
8673 6
8674 6
8675 7
8676 6
8677 7
8678 7
8679 8
8680 6
8681 7
8682 7
8683 8
8684 7
8685 8
8686 8
8687 9
8688 6
8689 7
8690 7
8691 8
8692 7
8693 8
8694 8
8695 9
8696 7
8697 8
8698 8
8699 9
8700 8
8701 9
8702 9
8703 10
8704 2
8705 3
8706 3
8707 4
8708 3
8709 4
8710 4
8711 5
8712 3
8713 4
8714 4
8715 5
8716 4
8717 5
8718 5
8719 6
8720 3
8721 4
8722 4
8723 5
8724 4
8725 5
8726 5
8727 6
8728 4
8729 5
8730 5
8731 6
8732 5
8733 6
8734 6
8735 7
8736 3
8737 4
8738 4
8739 5
8740 4
8741 5
8742 5
8743 6
8744 4
8745 5
8746 5
8747 6
8748 5
8749 6
8750 6
8751 7
8752 4
8753 5
8754 5
8755 6
8756 5
8757 6
8758 6
8759 7
8760 5
8761 6
8762 6
8763 7
8764 6
8765 7
8766 7
8767 8
8768 3
8769 4
8770 4
8771 5
8772 4
8773 5
8774 5
8775 6
8776 4
8777 5
8778 5
8779 6
8780 5
8781 6
8782 6
8783 7
8784 5
8785 6
8786 6
8787 7
8788 6
8789 7
8790 7
8791 8
8792 5
8793 6
8794 6
8795 7
8796 6
8797 7
8798 7
8799 8
8800 4
8801 5
8802 5
8803 6
8804 5
8805 6
8806 6
8807 7
8808 5
8809 6
8810 6
8811 7
8812 6
8813 7
8814 7
8815 8
8816 5
8817 6
8818 6
8819 7
8820 6
8821 7
8822 7
8823 8
8824 6
8825 7
8826 7
8827 8
8828 7
8829 8
8830 8
8831 9
8832 3
8833 4
8834 4
8835 5
8836 4
8837 5
8838 5
8839 6
8840 4
8841 5
8842 5
8843 6
8844 5
8845 6
8846 6
8847 7
8848 4
8849 5
8850 5
8851 6
8852 5
8853 6
8854 6
8855 7
8856 5
8857 6
8858 6
8859 7
8860 6
8861 7
8862 7
8863 8
8864 4
8865 5
8866 5
8867 6
8868 5
8869 6
8870 6
8871 7
8872 5
8873 6
8874 6
8875 7
8876 6
8877 7
8878 7
8879 8
8880 5
8881 6
8882 6
8883 7
8884 6
8885 7
8886 7
8887 8
8888 6
8889 7
8890 7
8891 8
8892 7
8893 8
8894 8
8895 9
8896 4
8897 5
8898 5
8899 6
8900 5
8901 6
8902 6
8903 7
8904 5
8905 6
8906 6
8907 7
8908 6
8909 7
8910 7
8911 8
8912 5
8913 6
8914 6
8915 7
8916 6
8917 7
8918 7
8919 8
8920 6
8921 7
8922 7
8923 8
8924 7
8925 8
8926 8
8927 9
8928 5
8929 6
8930 6
8931 7
8932 6
8933 7
8934 7
8935 8
8936 6
8937 7
8938 7
8939 8
8940 7
8941 8
8942 8
8943 9
8944 6
8945 7
8946 7
8947 8
8948 7
8949 8
8950 8
8951 9
8952 7
8953 8
8954 8
8955 9
8956 8
8957 9
8958 9
8959 10
8960 3
8961 4
8962 4
8963 5
8964 4
8965 5
8966 5
8967 6
8968 4
8969 5
8970 5
8971 6
8972 5
8973 6
8974 6
8975 7
8976 4
8977 5
8978 5
8979 6
8980 5
8981 6
8982 6
8983 7
8984 5
8985 6
8986 6
8987 7
8988 6
8989 7
8990 7
8991 8
8992 4
8993 5
8994 5
8995 6
8996 5
8997 6
8998 6
8999 7
9000 5
9001 6
9002 6
9003 7
9004 6
9005 7
9006 7
9007 8
9008 5
9009 6
9010 6
9011 7
9012 6
9013 7
9014 7
9015 8
9016 6
9017 7
9018 7
9019 8
9020 7
9021 8
9022 8
9023 9
9024 4
9025 5
9026 5
9027 6
9028 5
9029 6
9030 6
9031 7
9032 5
9033 6
9034 6
9035 7
9036 6
9037 7
9038 7
9039 8
9040 6
9041 7
9042 7
9043 8
9044 7
9045 8
9046 8
9047 9
9048 6
9049 7
9050 7
9051 8
9052 7
9053 8
9054 8
9055 9
9056 5
9057 6
9058 6
9059 7
9060 6
9061 7
9062 7
9063 8
9064 6
9065 7
9066 7
9067 8
9068 7
9069 8
9070 8
9071 9
9072 6
9073 7
9074 7
9075 8
9076 7
9077 8
9078 8
9079 9
9080 7
9081 8
9082 8
9083 9
9084 8
9085 9
9086 9
9087 10
9088 4
9089 5
9090 5
9091 6
9092 5
9093 6
9094 6
9095 7
9096 5
9097 6
9098 6
9099 7
9100 6
9101 7
9102 7
9103 8
9104 5
9105 6
9106 6
9107 7
9108 6
9109 7
9110 7
9111 8
9112 6
9113 7
9114 7
9115 8
9116 7
9117 8
9118 8
9119 9
9120 5
9121 6
9122 6
9123 7
9124 6
9125 7
9126 7
9127 8
9128 6
9129 7
9130 7
9131 8
9132 7
9133 8
9134 8
9135 9
9136 6
9137 7
9138 7
9139 8
9140 7
9141 8
9142 8
9143 9
9144 7
9145 8
9146 8
9147 9
9148 8
9149 9
9150 9
9151 10
9152 5
9153 6
9154 6
9155 7
9156 6
9157 7
9158 7
9159 8
9160 6
9161 7
9162 7
9163 8
9164 7
9165 8
9166 8
9167 9
9168 6
9169 7
9170 7
9171 8
9172 7
9173 8
9174 8
9175 9
9176 7
9177 8
9178 8
9179 9
9180 8
9181 9
9182 9
9183 10
9184 6
9185 7
9186 7
9187 8
9188 7
9189 8
9190 8
9191 9
9192 7
9193 8
9194 8
9195 9
9196 8
9197 9
9198 9
9199 10
9200 7
9201 8
9202 8
9203 9
9204 8
9205 9
9206 9
9207 10
9208 8
9209 9
9210 9
9211 10
9212 9
9213 10
9214 10
9215 11
9216 2
9217 3
9218 3
9219 4
9220 3
9221 4
9222 4
9223 5
9224 3
9225 4
9226 4
9227 5
9228 4
9229 5
9230 5
9231 6
9232 3
9233 4
9234 4
9235 5
9236 4
9237 5
9238 5
9239 6
9240 4
9241 5
9242 5
9243 6
9244 5
9245 6
9246 6
9247 7
9248 3
9249 4
9250 4
9251 5
9252 4
9253 5
9254 5
9255 6
9256 4
9257 5
9258 5
9259 6
9260 5
9261 6
9262 6
9263 7
9264 4
9265 5
9266 5
9267 6
9268 5
9269 6
9270 6
9271 7
9272 5
9273 6
9274 6
9275 7
9276 6
9277 7
9278 7
9279 8
9280 3
9281 4
9282 4
9283 5
9284 4
9285 5
9286 5
9287 6
9288 4
9289 5
9290 5
9291 6
9292 5
9293 6
9294 6
9295 7
9296 5
9297 6
9298 6
9299 7
9300 6
9301 7
9302 7
9303 8
9304 5
9305 6
9306 6
9307 7
9308 6
9309 7
9310 7
9311 8
9312 4
9313 5
9314 5
9315 6
9316 5
9317 6
9318 6
9319 7
9320 5
9321 6
9322 6
9323 7
9324 6
9325 7
9326 7
9327 8
9328 5
9329 6
9330 6
9331 7
9332 6
9333 7
9334 7
9335 8
9336 6
9337 7
9338 7
9339 8
9340 7
9341 8
9342 8
9343 9
9344 3
9345 4
9346 4
9347 5
9348 4
9349 5
9350 5
9351 6
9352 4
9353 5
9354 5
9355 6
9356 5
9357 6
9358 6
9359 7
9360 4
9361 5
9362 5
9363 6
9364 5
9365 6
9366 6
9367 7
9368 5
9369 6
9370 6
9371 7
9372 6
9373 7
9374 7
9375 8
9376 4
9377 5
9378 5
9379 6
9380 5
9381 6
9382 6
9383 7
9384 5
9385 6
9386 6
9387 7
9388 6
9389 7
9390 7
9391 8
9392 5
9393 6
9394 6
9395 7
9396 6
9397 7
9398 7
9399 8
9400 6
9401 7
9402 7
9403 8
9404 7
9405 8
9406 8
9407 9
9408 4
9409 5
9410 5
9411 6
9412 5
9413 6
9414 6
9415 7
9416 5
9417 6
9418 6
9419 7
9420 6
9421 7
9422 7
9423 8
9424 5
9425 6
9426 6
9427 7
9428 6
9429 7
9430 7
9431 8
9432 6
9433 7
9434 7
9435 8
9436 7
9437 8
9438 8
9439 9
9440 5
9441 6
9442 6
9443 7
9444 6
9445 7
9446 7
9447 8
9448 6
9449 7
9450 7
9451 8
9452 7
9453 8
9454 8
9455 9
9456 6
9457 7
9458 7
9459 8
9460 7
9461 8
9462 8
9463 9
9464 7
9465 8
9466 8
9467 9
9468 8
9469 9
9470 9
9471 10
9472 3
9473 4
9474 4
9475 5
9476 4
9477 5
9478 5
9479 6
9480 4
9481 5
9482 5
9483 6
9484 5
9485 6
9486 6
9487 7
9488 4
9489 5
9490 5
9491 6
9492 5
9493 6
9494 6
9495 7
9496 5
9497 6
9498 6
9499 7
9500 6
9501 7
9502 7
9503 8
9504 4
9505 5
9506 5
9507 6
9508 5
9509 6
9510 6
9511 7
9512 5
9513 6
9514 6
9515 7
9516 6
9517 7
9518 7
9519 8
9520 5
9521 6
9522 6
9523 7
9524 6
9525 7
9526 7
9527 8
9528 6
9529 7
9530 7
9531 8
9532 7
9533 8
9534 8
9535 9
9536 4
9537 5
9538 5
9539 6
9540 5
9541 6
9542 6
9543 7
9544 5
9545 6
9546 6
9547 7
9548 6
9549 7
9550 7
9551 8
9552 6
9553 7
9554 7
9555 8
9556 7
9557 8
9558 8
9559 9
9560 6
9561 7
9562 7
9563 8
9564 7
9565 8
9566 8
9567 9
9568 5
9569 6
9570 6
9571 7
9572 6
9573 7
9574 7
9575 8
9576 6
9577 7
9578 7
9579 8
9580 7
9581 8
9582 8
9583 9
9584 6
9585 7
9586 7
9587 8
9588 7
9589 8
9590 8
9591 9
9592 7
9593 8
9594 8
9595 9
9596 8
9597 9
9598 9
9599 10
9600 4
9601 5
9602 5
9603 6
9604 5
9605 6
9606 6
9607 7
9608 5
9609 6
9610 6
9611 7
9612 6
9613 7
9614 7
9615 8
9616 5
9617 6
9618 6
9619 7
9620 6
9621 7
9622 7
9623 8
9624 6
9625 7
9626 7
9627 8
9628 7
9629 8
9630 8
9631 9
9632 5
9633 6
9634 6
9635 7
9636 6
9637 7
9638 7
9639 8
9640 6
9641 7
9642 7
9643 8
9644 7
9645 8
9646 8
9647 9
9648 6
9649 7
9650 7
9651 8
9652 7
9653 8
9654 8
9655 9
9656 7
9657 8
9658 8
9659 9
9660 8
9661 9
9662 9
9663 10
9664 5
9665 6
9666 6
9667 7
9668 6
9669 7
9670 7
9671 8
9672 6
9673 7
9674 7
9675 8
9676 7
9677 8
9678 8
9679 9
9680 6
9681 7
9682 7
9683 8
9684 7
9685 8
9686 8
9687 9
9688 7
9689 8
9690 8
9691 9
9692 8
9693 9
9694 9
9695 10
9696 6
9697 7
9698 7
9699 8
9700 7
9701 8
9702 8
9703 9
9704 7
9705 8
9706 8
9707 9
9708 8
9709 9
9710 9
9711 10
9712 7
9713 8
9714 8
9715 9
9716 8
9717 9
9718 9
9719 10
9720 8
9721 9
9722 9
9723 10
9724 9
9725 10
9726 10
9727 11
9728 3
9729 4
9730 4
9731 5
9732 4
9733 5
9734 5
9735 6
9736 4
9737 5
9738 5
9739 6
9740 5
9741 6
9742 6
9743 7
9744 4
9745 5
9746 5
9747 6
9748 5
9749 6
9750 6
9751 7
9752 5
9753 6
9754 6
9755 7
9756 6
9757 7
9758 7
9759 8
9760 4
9761 5
9762 5
9763 6
9764 5
9765 6
9766 6
9767 7
9768 5
9769 6
9770 6
9771 7
9772 6
9773 7
9774 7
9775 8
9776 5
9777 6
9778 6
9779 7
9780 6
9781 7
9782 7
9783 8
9784 6
9785 7
9786 7
9787 8
9788 7
9789 8
9790 8
9791 9
9792 4
9793 5
9794 5
9795 6
9796 5
9797 6
9798 6
9799 7
9800 5
9801 6
9802 6
9803 7
9804 6
9805 7
9806 7
9807 8
9808 6
9809 7
9810 7
9811 8
9812 7
9813 8
9814 8
9815 9
9816 6
9817 7
9818 7
9819 8
9820 7
9821 8
9822 8
9823 9
9824 5
9825 6
9826 6
9827 7
9828 6
9829 7
9830 7
9831 8
9832 6
9833 7
9834 7
9835 8
9836 7
9837 8
9838 8
9839 9
9840 6
9841 7
9842 7
9843 8
9844 7
9845 8
9846 8
9847 9
9848 7
9849 8
9850 8
9851 9
9852 8
9853 9
9854 9
9855 10
9856 4
9857 5
9858 5
9859 6
9860 5
9861 6
9862 6
9863 7
9864 5
9865 6
9866 6
9867 7
9868 6
9869 7
9870 7
9871 8
9872 5
9873 6
9874 6
9875 7
9876 6
9877 7
9878 7
9879 8
9880 6
9881 7
9882 7
9883 8
9884 7
9885 8
9886 8
9887 9
9888 5
9889 6
9890 6
9891 7
9892 6
9893 7
9894 7
9895 8
9896 6
9897 7
9898 7
9899 8
9900 7
9901 8
9902 8
9903 9
9904 6
9905 7
9906 7
9907 8
9908 7
9909 8
9910 8
9911 9
9912 7
9913 8
9914 8
9915 9
9916 8
9917 9
9918 9
9919 10
9920 5
9921 6
9922 6
9923 7
9924 6
9925 7
9926 7
9927 8
9928 6
9929 7
9930 7
9931 8
9932 7
9933 8
9934 8
9935 9
9936 6
9937 7
9938 7
9939 8
9940 7
9941 8
9942 8
9943 9
9944 7
9945 8
9946 8
9947 9
9948 8
9949 9
9950 9
9951 10
9952 6
9953 7
9954 7
9955 8
9956 7
9957 8
9958 8
9959 9
9960 7
9961 8
9962 8
9963 9
9964 8
9965 9
9966 9
9967 10
9968 7
9969 8
9970 8
9971 9
9972 8
9973 9
9974 9
9975 10
9976 8
9977 9
9978 9
9979 10
9980 9
9981 10
9982 10
9983 11
9984 4
9985 5
9986 5
9987 6
9988 5
9989 6
9990 6
9991 7
9992 5
9993 6
9994 6
9995 7
9996 6
9997 7
9998 7
9999 8
10000 5
