48 210
0 1
0 2
0 6
1 0
1 6
1 10
1 16
1 34
2 1
2 10
3 7
3 15
3 21
3 26
4 5
4 10
5 4
5 8
5 10
5 12
5 13
6 0
6 1
6 9
6 34
7 3
7 11
8 5
8 13
8 22
9 6
9 14
9 15
9 34
10 1
10 2
10 4
10 5
10 13
11 3
11 7
11 9
11 15
12 4
13 5
13 8
13 10
14 9
14 15
14 16
14 18
14 20
14 23
14 34
15 3
15 9
15 11
15 14
15 19
15 20
15 21
15 23
15 24
16 1
16 14
16 18
16 25
16 34
17 19
17 24
17 27
17 45
18 14
18 16
18 20
18 25
19 15
19 17
19 21
19 24
19 26
20 14
20 15
20 18
20 23
20 28
20 29
21 3
21 15
21 19
21 26
22 8
23 14
23 15
23 20
23 24
23 28
23 33
23 36
23 45
24 15
24 17
24 19
24 23
24 27
24 45
25 16
25 18
25 29
26 3
26 19
26 21
27 17
27 24
27 45
27 46
28 20
28 23
28 29
28 31
28 36
28 39
29 20
29 25
29 28
29 31
30 32
30 35
30 47
31 28
31 29
31 38
31 39
32 30
32 35
32 41
32 42
33 23
33 36
33 37
33 45
34 1
34 6
34 9
34 14
34 16
35 30
35 32
35 42
35 44
35 47
36 23
36 28
36 33
36 37
36 39
36 43
37 33
37 36
37 43
37 44
37 45
37 46
38 31
38 39
38 40
39 28
39 31
39 36
39 38
39 40
39 43
40 38
40 39
40 42
40 43
41 32
41 42
42 32
42 35
42 40
42 41
42 43
42 44
43 36
43 37
43 39
43 40
43 42
43 44
44 35
44 37
44 42
44 43
44 47
45 17
45 23
45 24
45 27
45 33
45 37
45 46
46 27
46 37
46 45
46 47
47 30
47 35
47 44
47 46
