88 547
0 4
0 9
0 15
0 21
0 52
0 59
0 81
2 19
2 54
2 66
2 83
3 19
4 5
4 6
4 9
4 11
4 15
4 17
4 20
4 21
4 23
4 26
4 27
4 32
4 33
4 35
4 36
4 38
4 41
4 45
4 47
4 48
4 51
4 52
4 53
4 59
4 61
4 62
4 63
4 64
4 68
4 74
4 75
4 76
4 78
4 80
4 81
4 85
4 86
4 87
5 6
5 19
5 24
5 26
5 30
5 32
5 38
5 41
5 43
5 49
5 54
5 63
5 66
5 75
5 77
5 85
6 1
6 2
6 7
6 11
6 13
6 14
6 16
6 17
6 26
6 27
6 31
6 32
6 33
6 34
6 35
6 36
6 38
6 39
6 40
6 41
6 42
6 45
6 49
6 51
6 53
6 55
6 63
6 65
6 67
6 68
6 71
6 73
6 74
6 75
6 78
6 80
6 86
7 19
9 6
9 15
9 32
9 36
9 47
9 49
9 59
9 80
10 19
11 38
11 63
12 54
12 72
12 77
15 1
15 2
15 5
15 6
15 7
15 10
15 11
15 12
15 13
15 14
15 16
15 17
15 21
15 22
15 23
15 26
15 27
15 31
15 32
15 34
15 36
15 38
15 39
15 41
15 42
15 44
15 45
15 48
15 49
15 50
15 51
15 52
15 54
15 55
15 56
15 57
15 58
15 59
15 62
15 63
15 64
15 66
15 67
15 68
15 69
15 71
15 72
15 73
15 75
15 76
15 77
15 78
15 79
15 80
15 81
15 82
15 83
15 84
15 87
17 26
17 27
17 38
17 49
17 63
17 80
19 24
19 43
19 46
21 2
21 3
21 5
21 6
21 8
21 17
21 20
21 23
21 26
21 28
21 31
21 32
21 33
21 35
21 36
21 38
21 44
21 47
21 48
21 49
21 50
21 51
21 52
21 54
21 55
21 59
21 62
21 63
21 64
21 66
21 67
21 68
21 69
21 72
21 73
21 74
21 76
21 77
21 78
21 79
21 80
21 81
21 82
21 83
21 85
23 38
23 49
23 63
23 80
26 1
26 31
26 32
26 33
26 35
26 36
26 38
26 40
26 47
26 49
26 51
26 62
26 63
26 64
26 67
26 68
26 80
27 31
27 33
27 47
27 62
27 64
27 80
27 85
32 2
32 7
32 10
32 13
32 14
32 18
32 19
32 24
32 29
32 30
32 33
32 34
32 35
32 36
32 38
32 39
32 41
32 46
32 49
32 50
32 51
32 54
32 55
32 58
32 60
32 63
32 64
32 68
32 74
32 75
32 78
32 80
32 82
33 36
33 41
33 63
35 7
35 38
35 49
35 53
36 2
36 19
36 38
36 41
36 47
36 48
36 51
36 54
36 55
36 63
36 66
36 75
36 78
36 80
38 1
38 2
38 3
38 7
38 8
38 12
38 16
38 22
38 24
38 25
38 31
38 39
38 41
38 42
38 43
38 44
38 46
38 47
38 49
38 51
38 54
38 55
38 56
38 57
38 58
38 62
38 63
38 64
38 66
38 68
38 69
38 72
38 73
38 74
38 75
38 76
38 77
38 78
38 79
38 80
38 82
38 83
38 87
39 19
41 2
41 24
41 47
41 49
41 51
41 54
41 63
41 69
41 72
41 73
41 74
41 76
41 77
41 80
41 83
47 48
47 51
47 63
47 76
47 78
47 80
47 84
48 63
48 80
49 13
49 16
49 29
49 50
49 60
51 7
51 19
51 37
51 49
51 63
51 80
52 32
52 47
52 49
52 80
53 49
54 8
54 57
54 58
54 66
54 73
54 79
57 72
57 77
58 72
58 77
59 1
59 2
59 5
59 6
59 7
59 10
59 11
59 13
59 17
59 20
59 23
59 28
59 29
59 31
59 32
59 33
59 34
59 37
59 38
59 40
59 42
59 44
59 45
59 47
59 48
59 49
59 51
59 53
59 62
59 63
59 64
59 67
59 68
59 70
59 71
59 75
59 80
59 85
62 49
62 63
62 80
62 86
63 2
63 8
63 12
63 24
63 39
63 49
63 54
63 55
63 56
63 57
63 58
63 64
63 66
63 68
63 69
63 72
63 73
63 74
63 75
63 76
63 77
63 78
63 79
63 80
63 82
64 49
66 69
66 72
66 73
66 77
68 49
68 80
74 19
74 24
74 30
74 49
74 75
74 80
75 2
75 49
75 54
75 69
75 72
75 76
75 80
75 83
76 58
78 2
78 49
78 54
78 69
78 72
78 73
78 77
78 80
80 7
80 19
80 28
80 39
80 42
80 49
80 50
80 55
80 56
80 60
80 82
80 85
81 1
81 5
81 6
81 7
81 11
81 17
81 20
81 25
81 28
81 31
81 32
81 36
81 38
81 40
81 42
81 44
81 47
81 49
81 51
81 53
81 62
81 63
81 64
81 67
81 68
81 71
81 74
81 80
82 19
86 40
87 19
