48 108
0 1
0 2
0 6
1 2
1 6
1 10
1 16
1 34
2 10
3 7
3 21
3 26
4 5
4 12
5 8
5 12
5 13
6 9
6 34
8 22
9 11
9 14
9 15
10 4
10 5
10 13
11 3
11 7
11 15
13 8
14 15
14 18
14 20
14 23
15 3
15 19
15 20
15 21
15 23
15 24
16 14
16 18
16 25
16 34
17 27
18 20
18 25
19 17
19 21
19 24
19 26
20 23
20 28
20 29
21 26
23 24
23 28
23 33
23 36
23 45
24 17
24 27
24 45
25 29
27 46
28 31
28 36
28 39
29 28
29 31
31 38
31 39
32 30
32 41
33 36
33 37
33 45
34 9
34 14
35 30
35 32
36 37
36 39
36 43
37 43
37 44
37 46
38 40
39 38
39 40
39 43
40 42
42 32
42 35
42 41
43 40
43 42
43 44
44 35
44 42
44 47
45 17
45 27
45 37
45 46
46 47
47 30
47 35
