4 2 2
6 2 1
6 3 1
8 2 3
9 3 2
10 2 1
10 5 1
12 2 2
12 3 1
14 2 1
14 7 1
15 3 1
15 5 1
16 2 4
18 2 1
18 3 2
20 2 2
20 5 1
21 3 1
21 7 1
22 11 1
22 2 1
24 2 3
24 3 1
25 5 2
26 13 1
26 2 1
27 3 3
28 2 2
28 7 1
30 2 1
30 3 1
30 5 1
32 2 5
33 11 1
33 3 1
34 17 1
34 2 1
35 5 1
35 7 1
36 2 2
36 3 2
38 19 1
38 2 1
39 13 1
39 3 1
40 2 3
40 5 1
42 2 1
42 3 1
42 7 1
44 11 1
44 2 2
45 3 2
45 5 1
46 2 1
46 23 1
48 2 4
48 3 1
49 7 2
50 2 1
50 5 2
51 17 1
51 3 1
52 13 1
52 2 2
54 2 1
54 3 3
55 11 1
55 5 1
56 2 3
56 7 1
57 19 1
57 3 1
58 2 1
58 29 1
60 2 2
60 3 1
60 5 1
62 2 1
62 31 1
63 3 2
63 7 1
64 2 6
65 13 1
65 5 1
66 11 1
66 2 1
66 3 1
68 17 1
68 2 2
69 23 1
69 3 1
70 2 1
70 5 1
70 7 1
72 2 3
72 3 2
74 2 1
74 37 1
75 3 1
75 5 2
76 19 1
76 2 2
77 11 1
77 7 1
78 13 1
78 2 1
78 3 1
80 2 4
80 5 1
81 3 4
82 2 1
82 41 1
84 2 2
84 3 1
84 7 1
85 17 1
85 5 1
86 2 1
86 43 1
87 29 1
87 3 1
88 11 1
88 2 3
90 2 1
90 3 2
90 5 1
91 13 1
91 7 1
92 2 2
92 23 1
93 3 1
93 31 1
94 2 1
94 47 1
95 19 1
95 5 1
96 2 5
96 3 1
98 2 1
98 7 2
99 11 1
99 3 2
100 2 2
100 5 2
102 17 1
102 2 1
102 3 1
104 13 1
104 2 3
105 3 1
105 5 1
105 7 1
106 2 1
106 53 1
108 2 2
108 3 3
110 11 1
110 2 1
110 5 1
111 3 1
111 37 1
112 2 4
112 7 1
114 19 1
114 2 1
114 3 1
115 23 1
115 5 1
116 2 2
116 29 1
117 13 1
117 3 2
118 2 1
118 59 1
119 17 1
119 7 1
120 2 3
120 3 1
120 5 1
121 11 2
122 2 1
122 61 1
123 3 1
123 41 1
124 2 2
124 31 1
125 5 3
126 2 1
126 3 2
126 7 1
128 2 7
129 3 1
129 43 1
130 13 1
130 2 1
130 5 1
132 11 1
132 2 2
132 3 1
133 19 1
133 7 1
134 2 1
134 67 1
135 3 3
135 5 1
136 17 1
136 2 3
138 2 1
138 23 1
138 3 1
140 2 2
140 5 1
140 7 1
141 3 1
141 47 1
142 2 1
142 71 1
143 11 1
143 13 1
144 2 4
144 3 2
145 29 1
145 5 1
146 2 1
146 73 1
147 3 1
147 7 2
148 2 2
148 37 1
150 2 1
150 3 1
150 5 2
152 19 1
152 2 3
153 17 1
153 3 2
154 11 1
154 2 1
154 7 1
155 31 1
155 5 1
156 13 1
156 2 2
156 3 1
158 2 1
158 79 1
159 3 1
159 53 1
160 2 5
160 5 1
161 23 1
161 7 1
162 2 1
162 3 4
164 2 2
164 41 1
165 11 1
165 3 1
165 5 1
166 2 1
166 83 1
168 2 3
168 3 1
168 7 1
169 13 2
170 17 1
170 2 1
170 5 1
171 19 1
171 3 2
172 2 2
172 43 1
174 2 1
174 29 1
174 3 1
175 5 2
175 7 1
176 11 1
176 2 4
177 3 1
177 59 1
178 2 1
178 89 1
180 2 2
180 3 2
180 5 1
182 13 1
182 2 1
182 7 1
183 3 1
183 61 1
184 2 3
184 23 1
185 37 1
185 5 1
186 2 1
186 3 1
186 31 1
187 11 1
187 17 1
188 2 2
188 47 1
189 3 3
189 7 1
190 19 1
190 2 1
190 5 1
192 2 6
192 3 1
194 2 1
194 97 1
195 13 1
195 3 1
195 5 1
196 2 2
196 7 2
198 11 1
198 2 1
198 3 2
200 2 3
200 5 2
201 3 1
201 67 1
202 101 1
202 2 1
203 29 1
203 7 1
204 17 1
204 2 2
204 3 1
205 41 1
205 5 1
206 103 1
206 2 1
207 23 1
207 3 2
208 13 1
208 2 4
209 11 1
209 19 1
210 2 1
210 3 1
210 5 1
210 7 1
212 2 2
212 53 1
213 3 1
213 71 1
214 107 1
214 2 1
215 43 1
215 5 1
216 2 3
216 3 3
217 31 1
217 7 1
218 109 1
218 2 1
219 3 1
219 73 1
220 11 1
220 2 2
220 5 1
221 13 1
221 17 1
222 2 1
222 3 1
222 37 1
224 2 5
224 7 1
225 3 2
225 5 2
226 113 1
226 2 1
228 19 1
228 2 2
228 3 1
230 2 1
230 23 1
230 5 1
231 11 1
231 3 1
231 7 1
232 2 3
232 29 1
234 13 1
234 2 1
234 3 2
235 47 1
235 5 1
236 2 2
236 59 1
237 3 1
237 79 1
238 17 1
238 2 1
238 7 1
240 2 4
240 3 1
240 5 1
242 11 2
242 2 1
243 3 5
244 2 2
244 61 1
245 5 1
245 7 2
246 2 1
246 3 1
246 41 1
247 13 1
247 19 1
248 2 3
248 31 1
249 3 1
249 83 1
250 2 1
250 5 3
252 2 2
252 3 2
252 7 1
253 11 1
253 23 1
254 127 1
254 2 1
255 17 1
255 3 1
255 5 1
256 2 8
258 2 1
258 3 1
258 43 1
259 37 1
259 7 1
260 13 1
260 2 2
260 5 1
261 29 1
261 3 2
262 131 1
262 2 1
264 11 1
264 2 3
264 3 1
265 5 1
265 53 1
266 19 1
266 2 1
266 7 1
267 3 1
267 89 1
268 2 2
268 67 1
270 2 1
270 3 3
270 5 1
272 17 1
272 2 4
273 13 1
273 3 1
273 7 1
274 137 1
274 2 1
275 11 1
275 5 2
276 2 2
276 23 1
276 3 1
278 139 1
278 2 1
279 31 1
279 3 2
280 2 3
280 5 1
280 7 1
282 2 1
282 3 1
282 47 1
284 2 2
284 71 1
285 19 1
285 3 1
285 5 1
286 11 1
286 13 1
286 2 1
287 41 1
287 7 1
288 2 5
288 3 2
289 17 2
290 2 1
290 29 1
290 5 1
291 3 1
291 97 1
292 2 2
292 73 1
294 2 1
294 3 1
294 7 2
295 5 1
295 59 1
296 2 3
296 37 1
297 11 1
297 3 3
298 149 1
298 2 1
299 13 1
299 23 1
300 2 2
300 3 1
300 5 2
301 43 1
301 7 1
302 151 1
302 2 1
303 101 1
303 3 1
304 19 1
304 2 4
305 5 1
305 61 1
306 17 1
306 2 1
306 3 2
308 11 1
308 2 2
308 7 1
309 103 1
309 3 1
310 2 1
310 31 1
310 5 1
312 13 1
312 2 3
312 3 1
314 157 1
314 2 1
315 3 2
315 5 1
315 7 1
316 2 2
316 79 1
318 2 1
318 3 1
318 53 1
319 11 1
319 29 1
320 2 6
320 5 1
321 107 1
321 3 1
322 2 1
322 23 1
322 7 1
323 17 1
323 19 1
324 2 2
324 3 4
325 13 1
325 5 2
326 163 1
326 2 1
327 109 1
327 3 1
328 2 3
328 41 1
329 47 1
329 7 1
330 11 1
330 2 1
330 3 1
330 5 1
332 2 2
332 83 1
333 3 2
333 37 1
334 167 1
334 2 1
335 5 1
335 67 1
336 2 4
336 3 1
336 7 1
338 13 2
338 2 1
339 113 1
339 3 1
340 17 1
340 2 2
340 5 1
341 11 1
341 31 1
342 19 1
342 2 1
342 3 2
343 7 3
344 2 3
344 43 1
345 23 1
345 3 1
345 5 1
346 173 1
346 2 1
348 2 2
348 29 1
348 3 1
350 2 1
350 5 2
350 7 1
351 13 1
351 3 3
352 11 1
352 2 5
354 2 1
354 3 1
354 59 1
355 5 1
355 71 1
356 2 2
356 89 1
357 17 1
357 3 1
357 7 1
358 179 1
358 2 1
360 2 3
360 3 2
360 5 1
361 19 2
362 181 1
362 2 1
363 11 2
363 3 1
364 13 1
364 2 2
364 7 1
365 5 1
365 73 1
366 2 1
366 3 1
366 61 1
368 23 1
368 2 4
369 3 2
369 41 1
370 2 1
370 37 1
370 5 1
371 53 1
371 7 1
372 2 2
372 3 1
372 31 1
374 11 1
374 17 1
374 2 1
375 3 1
375 5 3
376 2 3
376 47 1
377 13 1
377 29 1
378 2 1
378 3 3
378 7 1
380 19 1
380 2 2
380 5 1
381 127 1
381 3 1
382 191 1
382 2 1
384 2 7
384 3 1
385 11 1
385 5 1
385 7 1
386 193 1
386 2 1
387 3 2
387 43 1
388 2 2
388 97 1
390 13 1
390 2 1
390 3 1
390 5 1
391 17 1
391 23 1
392 2 3
392 7 2
393 131 1
393 3 1
394 197 1
394 2 1
395 5 1
395 79 1
396 11 1
396 2 2
396 3 2
398 199 1
398 2 1
399 19 1
399 3 1
399 7 1
400 2 4
400 5 2
402 2 1
402 3 1
402 67 1
403 13 1
403 31 1
404 101 1
404 2 2
405 3 4
405 5 1
406 2 1
406 29 1
406 7 1
407 11 1
407 37 1
408 17 1
408 2 3
408 3 1
410 2 1
410 41 1
410 5 1
411 137 1
411 3 1
412 103 1
412 2 2
413 59 1
413 7 1
414 2 1
414 23 1
414 3 2
415 5 1
415 83 1
416 13 1
416 2 5
417 139 1
417 3 1
418 11 1
418 19 1
418 2 1
420 2 2
420 3 1
420 5 1
420 7 1
422 2 1
422 211 1
423 3 2
423 47 1
424 2 3
424 53 1
425 17 1
425 5 2
426 2 1
426 3 1
426 71 1
427 61 1
427 7 1
428 107 1
428 2 2
429 11 1
429 13 1
429 3 1
430 2 1
430 43 1
430 5 1
432 2 4
432 3 3
434 2 1
434 31 1
434 7 1
435 29 1
435 3 1
435 5 1
436 109 1
436 2 2
437 19 1
437 23 1
438 2 1
438 3 1
438 73 1
440 11 1
440 2 3
440 5 1
441 3 2
441 7 2
442 13 1
442 17 1
442 2 1
444 2 2
444 3 1
444 37 1
445 5 1
445 89 1
446 2 1
446 223 1
447 149 1
447 3 1
448 2 6
448 7 1
450 2 1
450 3 2
450 5 2
451 11 1
451 41 1
452 113 1
452 2 2
453 151 1
453 3 1
454 2 1
454 227 1
455 13 1
455 5 1
455 7 1
456 19 1
456 2 3
456 3 1
458 2 1
458 229 1
459 17 1
459 3 3
460 2 2
460 23 1
460 5 1
462 11 1
462 2 1
462 3 1
462 7 1
464 2 4
464 29 1
465 3 1
465 31 1
465 5 1
466 2 1
466 233 1
468 13 1
468 2 2
468 3 2
469 67 1
469 7 1
470 2 1
470 47 1
470 5 1
471 157 1
471 3 1
472 2 3
472 59 1
473 11 1
473 43 1
474 2 1
474 3 1
474 79 1
475 19 1
475 5 2
476 17 1
476 2 2
476 7 1
477 3 2
477 53 1
478 2 1
478 239 1
480 2 5
480 3 1
480 5 1
481 13 1
481 37 1
482 2 1
482 241 1
483 23 1
483 3 1
483 7 1
484 11 2
484 2 2
485 5 1
485 97 1
486 2 1
486 3 5
488 2 3
488 61 1
489 163 1
489 3 1
490 2 1
490 5 1
490 7 2
492 2 2
492 3 1
492 41 1
493 17 1
493 29 1
494 13 1
494 19 1
494 2 1
495 11 1
495 3 2
495 5 1
496 2 4
496 31 1
497 7 1
497 71 1
498 2 1
498 3 1
498 83 1
500 2 2
500 5 3
501 167 1
501 3 1
502 2 1
502 251 1
504 2 3
504 3 2
504 7 1
505 101 1
505 5 1
506 11 1
506 2 1
506 23 1
507 13 2
507 3 1
508 127 1
508 2 2
510 17 1
510 2 1
510 3 1
510 5 1
511 7 1
511 73 1
512 2 9
513 19 1
513 3 3
514 2 1
514 257 1
515 103 1
515 5 1
516 2 2
516 3 1
516 43 1
517 11 1
517 47 1
518 2 1
518 37 1
518 7 1
519 173 1
519 3 1
520 13 1
520 2 3
520 5 1
522 2 1
522 29 1
522 3 2
524 131 1
524 2 2
525 3 1
525 5 2
525 7 1
526 2 1
526 263 1
527 17 1
527 31 1
528 11 1
528 2 4
528 3 1
529 23 2
530 2 1
530 5 1
530 53 1
531 3 2
531 59 1
532 19 1
532 2 2
532 7 1
533 13 1
533 41 1
534 2 1
534 3 1
534 89 1
535 107 1
535 5 1
536 2 3
536 67 1
537 179 1
537 3 1
538 2 1
538 269 1
539 11 1
539 7 2
540 2 2
540 3 3
540 5 1
542 2 1
542 271 1
543 181 1
543 3 1
544 17 1
544 2 5
545 109 1
545 5 1
546 13 1
546 2 1
546 3 1
546 7 1
548 137 1
548 2 2
549 3 2
549 61 1
550 11 1
550 2 1
550 5 2
551 19 1
551 29 1
552 2 3
552 23 1
552 3 1
553 7 1
553 79 1
554 2 1
554 277 1
555 3 1
555 37 1
555 5 1
556 139 1
556 2 2
558 2 1
558 31 1
558 3 2
559 13 1
559 43 1
560 2 4
560 5 1
560 7 1
561 11 1
561 17 1
561 3 1
562 2 1
562 281 1
564 2 2
564 3 1
564 47 1
565 113 1
565 5 1
566 2 1
566 283 1
567 3 4
567 7 1
568 2 3
568 71 1
570 19 1
570 2 1
570 3 1
570 5 1
572 11 1
572 13 1
572 2 2
573 191 1
573 3 1
574 2 1
574 41 1
574 7 1
575 23 1
575 5 2
576 2 6
576 3 2
578 17 2
578 2 1
579 193 1
579 3 1
580 2 2
580 29 1
580 5 1
581 7 1
581 83 1
582 2 1
582 3 1
582 97 1
583 11 1
583 53 1
584 2 3
584 73 1
585 13 1
585 3 2
585 5 1
586 2 1
586 293 1
588 2 2
588 3 1
588 7 2
589 19 1
589 31 1
590 2 1
590 5 1
590 59 1
591 197 1
591 3 1
592 2 4
592 37 1
594 11 1
594 2 1
594 3 3
595 17 1
595 5 1
595 7 1
596 149 1
596 2 2
597 199 1
597 3 1
598 13 1
598 2 1
598 23 1
600 2 3
600 3 1
600 5 2
602 2 1
602 43 1
602 7 1
603 3 2
603 67 1
604 151 1
604 2 2
605 11 2
605 5 1
606 101 1
606 2 1
606 3 1
608 19 1
608 2 5
609 29 1
609 3 1
609 7 1
610 2 1
610 5 1
610 61 1
611 13 1
611 47 1
612 17 1
612 2 2
612 3 2
614 2 1
614 307 1
615 3 1
615 41 1
615 5 1
616 11 1
616 2 3
616 7 1
618 103 1
618 2 1
618 3 1
620 2 2
620 31 1
620 5 1
621 23 1
621 3 3
622 2 1
622 311 1
623 7 1
623 89 1
624 13 1
624 2 4
624 3 1
625 5 4
626 2 1
626 313 1
627 11 1
627 19 1
627 3 1
628 157 1
628 2 2
629 17 1
629 37 1
630 2 1
630 3 2
630 5 1
630 7 1
632 2 3
632 79 1
633 211 1
633 3 1
634 2 1
634 317 1
635 127 1
635 5 1
636 2 2
636 3 1
636 53 1
637 13 1
637 7 2
638 11 1
638 2 1
638 29 1
639 3 2
639 71 1
640 2 7
640 5 1
642 107 1
642 2 1
642 3 1
644 2 2
644 23 1
644 7 1
645 3 1
645 43 1
645 5 1
646 17 1
646 19 1
646 2 1
648 2 3
648 3 4
649 11 1
649 59 1
650 13 1
650 2 1
650 5 2
651 3 1
651 31 1
651 7 1
652 163 1
652 2 2
654 109 1
654 2 1
654 3 1
655 131 1
655 5 1
656 2 4
656 41 1
657 3 2
657 73 1
658 2 1
658 47 1
658 7 1
660 11 1
660 2 2
660 3 1
660 5 1
662 2 1
662 331 1
663 13 1
663 17 1
663 3 1
664 2 3
664 83 1
665 19 1
665 5 1
665 7 1
666 2 1
666 3 2
666 37 1
667 23 1
667 29 1
668 167 1
668 2 2
669 223 1
669 3 1
670 2 1
670 5 1
670 67 1
671 11 1
671 61 1
672 2 5
672 3 1
672 7 1
674 2 1
674 337 1
675 3 3
675 5 2
676 13 2
676 2 2
678 113 1
678 2 1
678 3 1
679 7 1
679 97 1
680 17 1
680 2 3
680 5 1
681 227 1
681 3 1
682 11 1
682 2 1
682 31 1
684 19 1
684 2 2
684 3 2
685 137 1
685 5 1
686 2 1
686 7 3
687 229 1
687 3 1
688 2 4
688 43 1
689 13 1
689 53 1
690 2 1
690 23 1
690 3 1
690 5 1
692 173 1
692 2 2
693 11 1
693 3 2
693 7 1
694 2 1
694 347 1
695 139 1
695 5 1
696 2 3
696 29 1
696 3 1
697 17 1
697 41 1
698 2 1
698 349 1
699 233 1
699 3 1
700 2 2
700 5 2
700 7 1
702 13 1
702 2 1
702 3 3
703 19 1
703 37 1
704 11 1
704 2 6
705 3 1
705 47 1
705 5 1
706 2 1
706 353 1
707 101 1
707 7 1
708 2 2
708 3 1
708 59 1
710 2 1
710 5 1
710 71 1
711 3 2
711 79 1
712 2 3
712 89 1
713 23 1
713 31 1
714 17 1
714 2 1
714 3 1
714 7 1
715 11 1
715 13 1
715 5 1
716 179 1
716 2 2
717 239 1
717 3 1
718 2 1
718 359 1
720 2 4
720 3 2
720 5 1
721 103 1
721 7 1
722 19 2
722 2 1
723 241 1
723 3 1
724 181 1
724 2 2
725 29 1
725 5 2
726 11 2
726 2 1
726 3 1
728 13 1
728 2 3
728 7 1
729 3 6
730 2 1
730 5 1
730 73 1
731 17 1
731 43 1
732 2 2
732 3 1
732 61 1
734 2 1
734 367 1
735 3 1
735 5 1
735 7 2
736 23 1
736 2 5
737 11 1
737 67 1
738 2 1
738 3 2
738 41 1
740 2 2
740 37 1
740 5 1
741 13 1
741 19 1
741 3 1
742 2 1
742 53 1
742 7 1
744 2 3
744 3 1
744 31 1
745 149 1
745 5 1
746 2 1
746 373 1
747 3 2
747 83 1
748 11 1
748 17 1
748 2 2
749 107 1
749 7 1
750 2 1
750 3 1
750 5 3
752 2 4
752 47 1
753 251 1
753 3 1
754 13 1
754 2 1
754 29 1
755 151 1
755 5 1
756 2 2
756 3 3
756 7 1
758 2 1
758 379 1
759 11 1
759 23 1
759 3 1
760 19 1
760 2 3
760 5 1
762 127 1
762 2 1
762 3 1
763 109 1
763 7 1
764 191 1
764 2 2
765 17 1
765 3 2
765 5 1
766 2 1
766 383 1
767 13 1
767 59 1
768 2 8
768 3 1
770 11 1
770 2 1
770 5 1
770 7 1
771 257 1
771 3 1
772 193 1
772 2 2
774 2 1
774 3 2
774 43 1
775 31 1
775 5 2
776 2 3
776 97 1
777 3 1
777 37 1
777 7 1
778 2 1
778 389 1
779 19 1
779 41 1
780 13 1
780 2 2
780 3 1
780 5 1
781 11 1
781 71 1
782 17 1
782 2 1
782 23 1
783 29 1
783 3 3
784 2 4
784 7 2
785 157 1
785 5 1
786 131 1
786 2 1
786 3 1
788 197 1
788 2 2
789 263 1
789 3 1
790 2 1
790 5 1
790 79 1
791 113 1
791 7 1
792 11 1
792 2 3
792 3 2
793 13 1
793 61 1
794 2 1
794 397 1
795 3 1
795 5 1
795 53 1
796 199 1
796 2 2
798 19 1
798 2 1
798 3 1
798 7 1
799 17 1
799 47 1
800 2 5
800 5 2
801 3 2
801 89 1
802 2 1
802 401 1
803 11 1
803 73 1
804 2 2
804 3 1
804 67 1
805 23 1
805 5 1
805 7 1
806 13 1
806 2 1
806 31 1
807 269 1
807 3 1
808 101 1
808 2 3
810 2 1
810 3 4
810 5 1
812 2 2
812 29 1
812 7 1
813 271 1
813 3 1
814 11 1
814 2 1
814 37 1
815 163 1
815 5 1
816 17 1
816 2 4
816 3 1
817 19 1
817 43 1
818 2 1
818 409 1
819 13 1
819 3 2
819 7 1
820 2 2
820 41 1
820 5 1
822 137 1
822 2 1
822 3 1
824 103 1
824 2 3
825 11 1
825 3 1
825 5 2
826 2 1
826 59 1
826 7 1
828 2 2
828 23 1
828 3 2
830 2 1
830 5 1
830 83 1
831 277 1
831 3 1
832 13 1
832 2 6
833 17 1
833 7 2
834 139 1
834 2 1
834 3 1
835 167 1
835 5 1
836 11 1
836 19 1
836 2 2
837 31 1
837 3 3
838 2 1
838 419 1
840 2 3
840 3 1
840 5 1
840 7 1
841 29 2
842 2 1
842 421 1
843 281 1
843 3 1
844 211 1
844 2 2
845 13 2
845 5 1
846 2 1
846 3 2
846 47 1
847 11 2
847 7 1
848 2 4
848 53 1
849 283 1
849 3 1
850 17 1
850 2 1
850 5 2
851 23 1
851 37 1
852 2 2
852 3 1
852 71 1
854 2 1
854 61 1
854 7 1
855 19 1
855 3 2
855 5 1
856 107 1
856 2 3
858 11 1
858 13 1
858 2 1
858 3 1
860 2 2
860 43 1
860 5 1
861 3 1
861 41 1
861 7 1
862 2 1
862 431 1
864 2 5
864 3 3
865 173 1
865 5 1
866 2 1
866 433 1
867 17 2
867 3 1
868 2 2
868 31 1
868 7 1
869 11 1
869 79 1
870 2 1
870 29 1
870 3 1
870 5 1
871 13 1
871 67 1
872 109 1
872 2 3
873 3 2
873 97 1
874 19 1
874 2 1
874 23 1
875 5 3
875 7 1
876 2 2
876 3 1
876 73 1
878 2 1
878 439 1
879 293 1
879 3 1
880 11 1
880 2 4
880 5 1
882 2 1
882 3 2
882 7 2
884 13 1
884 17 1
884 2 2
885 3 1
885 5 1
885 59 1
886 2 1
886 443 1
888 2 3
888 3 1
888 37 1
889 127 1
889 7 1
890 2 1
890 5 1
890 89 1
891 11 1
891 3 4
892 2 2
892 223 1
893 19 1
893 47 1
894 149 1
894 2 1
894 3 1
895 179 1
895 5 1
896 2 7
896 7 1
897 13 1
897 23 1
897 3 1
898 2 1
898 449 1
899 29 1
899 31 1
900 2 2
900 3 2
900 5 2
901 17 1
901 53 1
902 11 1
902 2 1
902 41 1
903 3 1
903 43 1
903 7 1
904 113 1
904 2 3
905 181 1
905 5 1
906 151 1
906 2 1
906 3 1
908 2 2
908 227 1
909 101 1
909 3 2
910 13 1
910 2 1
910 5 1
910 7 1
912 19 1
912 2 4
912 3 1
913 11 1
913 83 1
914 2 1
914 457 1
915 3 1
915 5 1
915 61 1
916 2 2
916 229 1
917 131 1
917 7 1
918 17 1
918 2 1
918 3 3
920 2 3
920 23 1
920 5 1
921 307 1
921 3 1
922 2 1
922 461 1
923 13 1
923 71 1
924 11 1
924 2 2
924 3 1
924 7 1
925 37 1
925 5 2
926 2 1
926 463 1
927 103 1
927 3 2
928 2 5
928 29 1
930 2 1
930 3 1
930 31 1
930 5 1
931 19 1
931 7 2
932 2 2
932 233 1
933 3 1
933 311 1
934 2 1
934 467 1
935 11 1
935 17 1
935 5 1
936 13 1
936 2 3
936 3 2
938 2 1
938 67 1
938 7 1
939 3 1
939 313 1
940 2 2
940 47 1
940 5 1
942 157 1
942 2 1
942 3 1
943 23 1
943 41 1
944 2 4
944 59 1
945 3 3
945 5 1
945 7 1
946 11 1
946 2 1
946 43 1
948 2 2
948 3 1
948 79 1
949 13 1
949 73 1
950 19 1
950 2 1
950 5 2
951 3 1
951 317 1
952 17 1
952 2 3
952 7 1
954 2 1
954 3 2
954 53 1
955 191 1
955 5 1
956 2 2
956 239 1
957 11 1
957 29 1
957 3 1
958 2 1
958 479 1
959 137 1
959 7 1
960 2 6
960 3 1
960 5 1
961 31 2
962 13 1
962 2 1
962 37 1
963 107 1
963 3 2
964 2 2
964 241 1
965 193 1
965 5 1
966 2 1
966 23 1
966 3 1
966 7 1
968 11 2
968 2 3
969 17 1
969 19 1
969 3 1
970 2 1
970 5 1
970 97 1
972 2 2
972 3 5
973 139 1
973 7 1
974 2 1
974 487 1
975 13 1
975 3 1
975 5 2
976 2 4
976 61 1
978 163 1
978 2 1
978 3 1
979 11 1
979 89 1
980 2 2
980 5 1
980 7 2
981 109 1
981 3 2
982 2 1
982 491 1
984 2 3
984 3 1
984 41 1
985 197 1
985 5 1
986 17 1
986 2 1
986 29 1
987 3 1
987 47 1
987 7 1
988 13 1
988 19 1
988 2 2
989 23 1
989 43 1
990 11 1
990 2 1
990 3 2
990 5 1
992 2 5
992 31 1
993 3 1
993 331 1
994 2 1
994 7 1
994 71 1
995 199 1
995 5 1
996 2 2
996 3 1
996 83 1
998 2 1
998 499 1
999 3 3
999 37 1
1000 2 3
1000 5 3
