48 108
0 1
0 2
0 6
1 10
1 16
1 2
1 34
1 6
2 10
3 11
3 15
3 21
3 26
3 7
4 10
4 12
4 5
5 10
5 12
5 13
5 8
6 9
6 34
7 11
8 13
8 22
9 11
9 14
9 15
9 34
10 13
11 15
14 15
14 16
14 18
14 20
14 23
14 34
15 19
15 20
15 21
15 23
15 24
16 18
16 25
16 34
17 19
17 24
17 27
17 45
18 20
18 25
19 21
19 24
19 26
20 23
20 28
20 29
21 26
23 24
23 28
23 33
23 36
23 45
24 27
24 45
25 29
27 45
27 46
28 29
28 31
28 36
28 39
29 31
30 32
30 35
30 47
31 38
31 39
32 35
32 41
32 42
33 36
33 37
33 45
35 42
35 44
35 47
36 37
36 39
36 43
37 43
37 44
37 45
37 46
38 39
38 40
39 40
39 43
40 42
40 43
41 42
42 43
42 44
43 44
44 47
45 46
46 47
