0.8 0.643823 0.975064 0.975625 
0.714286 0.933376 0.995541 0.206149 
0.6 0.049883 0.0845866 0.0266299 
1 0.229498 0.872415 0.363326 
0.866667 0.207203 0.120721 0.480365 
1 0.0956361 0.152372 0.995941 
1 0.64993 0.0264794 0.61933 
1 0.33136 0.936711 0.927004 
1 0.370773 0.871073 0.943913 
1 0.764068 0.995976 0.433168 
0.666667 0.582585 0.996175 0.043397 
1 0.992824 0.0186403 0.333202 
0.8 0.520469 0.154244 0.497363 
0.8 0.765154 0.0820685 0.582252 
1 0.967068 0.957981 0.692358 
1 0.339958 0.085173 0.454814 
1 0.719966 0.0665883 0.412231 
0.857143 0.213229 0.997792 0.0454239 
0.666667 0.97396 0.132519 0.402359 
1 0.503626 0.00989137 0.757669 
1 0.840851 0.97516 0.548128 
1 0.291195 0.0548473 0.646486 
1 0.232021 0.984585 0.84085 
0.8 0.66503 0.120733 0.072158 
0.833333 0.216869 0.14894 0.0319906 
1 0.976755 0.00890142 0.839273 
1 0.58998 0.0503125 0.712265 
0.666667 0.422004 0.132617 0.268586 
1 0.0191398 0.889249 0.849339 
1 0.212608 0.0345697 0.663858 
0.8 0.0799864 0.928832 0.5226 
1 0.414382 0.899369 0.0875373 
0.6 0.0241605 0.117114 0.834401 
1 0.663044 0.955373 0.420936 
1 0.0194533 0.852438 0.244964 
1 0.530172 0.0128334 0.860053 
1 0.956675 0.928134 0.647646 
1 0.739842 0.847854 0.769497 
1 0.340736 0.050706 0.354338 
1 0.794557 0.0472676 0.250767 
1 0.180186 0.0191374 0.390998 
0.833333 0.566619 0.948467 0.277473 
0.833333 0.421321 0.136455 0.701411 
0.5 0.939909 0.161204 0.0374662 
0.75 0.137169 0.134672 0.0768035 
0.8 0.164978 0.842777 0.423067 
1 0.599837 0.879509 0.808266 
1 0.894892 0.922784 0.514439 
0.5 0.743544 0.864364 0.218579 
1 0.749429 0.969963 0.793316 
1 0.597466 0.154236 0.249747 
0.666667 0.305649 0.124403 0.120849 
1 0.0766593 0.073424 0.230356 
0.8 0.436638 0.85831 0.747378 
1 0.811461 0.924424 0.458483 
1 0.704435 0.102142 0.125253 
0.833333 0.494063 0.0734555 0.856342 
1 0.516873 0.951783 0.66703 
0.777778 0.36066 0.103424 0.321827 
1 0.441977 0.959948 0.85795 
0.8 0.157331 0.1065 0.363036 
0.5 0.354544 0.126725 0.129196 
0.833333 0.936552 0.0939555 0.331315 
1 0.636186 0.973172 0.0817106 
1 0.797117 0.988106 0.693617 
1 0.0947262 0.0230844 0.0484898 
1 0.474385 0.975158 0.977963 
1 0.986952 0.086431 0.964975 
1 0.0840664 0.8859 0.298774 
0.75 0.00132758 0.92256 0.628487 
1 0.845964 0.970616 0.853664 
0.111111 0.502954 0.489045 0.416741 
1 0.51317 0.00880304 0.827956 
1 0.851155 0.959744 0.1772 
1 0.643869 0.895333 0.968789 
1 0.309315 0.971545 0.824064 
0.5 0.307561 0.098465 0.724138 
1 0.418181 0.0622148 0.201306 
1 0.570568 0.00934895 0.303693 
1 0.273401 0.911442 0.0485333 
1 0.471756 0.998006 0.497237 
1 0.644058 0.918734 0.919918 
0.8 0.140455 0.903593 0.186152 
0.833333 0.659827 0.0811794 0.393714 
1 0.838741 0.929995 0.0767753 
1 0.99619 0.935244 0.805945 
0.8 0.624866 0.891941 0.397407 
0.833333 0.629756 0.124279 0.663363 
1 0.800836 0.142608 0.284394 
0.75 0.461306 0.868472 0.349549 
0.5 0.341807 0.116468 0.251772 
1 0.514256 0.0924581 0.119538 
1 0.407154 0.912885 0.392328 
1 0.914481 0.10119 0.378985 
1 0.273406 0.921297 0.319323 
1 0.788615 0.0669654 0.850473 
0.2 0.548187 0.417141 0.275167 
0.428571 0.669622 0.845642 0.117181 
1 0.0925652 0.898215 0.874296 
1 0.0993195 0.0753534 0.000541582 
1 0.673822 0.868393 0.696269 
1 0.420255 0.887496 0.395815 
0.8 0.61381 0.136378 0.812915 
1 0.0740742 0.0646141 0.822665 
0.875 0.343512 0.858705 0.519065 
1 0.360564 0.093032 0.369697 
0.857143 0.475397 0.897421 0.974192 
1 0.200344 0.977424 0.927905 
1 0.417548 0.850347 0.0130968 
1 0.936793 0.854208 0.476534 
1 0.856195 0.950557 0.0818826 
1 0.424329 0.0160559 0.00335927 
0.666667 0.115816 0.147871 0.876347 
1 0.694417 0.868643 0.0879395 
1 0.90651 0.950794 0.546406 
1 0.270191 0.124826 0.292928 
1 0.135795 0.91668 0.585311 
1 0.956348 0.105786 0.663842 
1 0.465023 0.921044 0.712521 
1 0.490971 0.957097 0.906495 
1 0.466617 0.118088 0.970867 
1 0.198224 0.879439 0.0975455 
1 0.52854 0.899355 0.406605 
0.666667 0.200564 0.14215 0.557888 
1 0.566317 0.975179 0.511893 
1 0.300411 0.905464 0.354468 
1 0.758935 0.993461 0.985152 
1 0.877775 0.935392 0.423523 
1 0.64799 0.93836 0.113108 
1 0.194586 0.0139275 0.194171 
1 0.517092 0.0287307 0.73054 
1 0.233775 0.972652 0.373866 
1 0.701482 0.963453 0.574702 
1 0.692778 0.995519 0.664484 
0.666667 0.740103 0.135706 0.571211 
1 0.610939 0.0060876 0.967421 
1 0.200818 0.0798718 0.848526 
1 0.386025 0.958169 0.502305 
1 0.719428 0.119848 0.900025 
1 0.626435 0.064304 0.0439338 
1 0.359799 0.0556837 0.420184 
1 0.977811 0.0461403 0.124393 
1 0.367262 0.0938763 0.276807 
1 0.724747 0.0315444 0.33701 
1 0.25948 0.896402 0.940981 
1 0.0611239 0.0393586 0.089744 
1 0.110091 0.840399 0.244647 
1 0.0711169 0.0297545 0.109271 
1 0.985218 0.015313 0.713895 
0.125 0.521879 0.422962 0.207682 
1 0.586495 0.15136 0.921325 
0.666667 0.0160977 0.849752 0.23956 
0.333333 0.167319 0.153887 0.366568 
0.75 0.412205 0.0906448 0.367452 
1 0.637312 0.118882 0.816154 
0.5 0.0714829 0.0157685 0.824875 
1 0.732389 0.153831 0.699631 
1 0.558616 0.874153 0.0593181 
1 0.399655 0.971602 0.683836 
0.75 0.522565 0.907288 0.603387 
0.666667 0.320118 0.877866 0.316541 
1 0.329642 0.0286138 0.712117 
0.666667 0.362909 0.104666 0.248132 
1 0.173353 0.043001 0.165678 
1 0.617935 0.0768464 0.255207 
1 0.163856 0.975585 0.38947 
0.75 0.466913 0.903757 0.573227 
1 0.510018 0.918728 0.440354 
1 0.68104 0.0447691 0.571635 
1 0.717492 0.155808 0.881259 
1 0.929046 0.900203 0.13963 
1 0.52437 0.00705543 0.877505 
1 0.0384311 0.126831 0.250974 
1 0.350164 0.0137491 0.420074 
1 0.830217 0.103989 0.399226 
1 0.456738 0.886844 0.393942 
1 0.882524 0.857557 0.621433 
1 0.266806 0.971051 0.189297 
1 0.903335 0.0616308 0.491205 
1 0.9878 0.92466 0.109561 
1 0.901345 0.95368 0.228115 
0.5 0.350482 0.119965 0.489164 
1 0.43206 0.906711 0.234516 
1 0.560403 0.862324 0.935462 
1 0.824691 0.0679828 0.902052 
1 0.370399 0.0160559 0.848297 
1 0.462868 0.966367 0.791154 
1 0.885883 0.876846 0.188705 
1 0.799025 0.939522 0.747739 
1 0.564264 0.0742227 0.0382563 
1 0.999131 0.918801 0.365953 
1 0.767759 0.98711 0.560721 
1 0.605202 0.0278537 0.362282 
1 0.953991 0.0890196 0.983542 
0.5 0.952461 0.992331 0.204814 
1 0.692465 0.0806904 0.83983 
1 0.0663578 0.977181 0.734011 
1 0.620937 0.0732716 0.719105 
1 0.703623 0.896071 0.520896 
1 0.46029 0.114834 0.00677202 
0.666667 0.660117 0.0713937 0.875963 
1 0.483632 0.0175909 0.517754 
1 0.734347 0.950332 0.934248 
0.666667 0.323584 0.918976 0.0757883 
1 0.033203 0.94758 0.46917 
1 0.885948 0.939206 0.236665 
1 0.172128 0.9028 0.616503 
1 0.175133 0.00543948 0.749851 
1 0.446953 0.899057 0.325058 
1 0.378069 0.930476 0.0357201 
1 0.750053 0.96916 0.0417486 
0.8 0.755296 0.846822 0.664209 
1 0.319916 0.0247528 0.1035 
1 0.985049 0.142073 0.200518 
1 0.115414 0.0713883 0.345059 
1 0.130792 0.892921 0.521221 
0.666667 0.812848 0.0964951 0.771727 
1 0.900027 0.975396 0.451064 
1 0.0692425 0.12944 0.695622 
0.6 0.456684 0.955807 0.575278 
1 0.969627 0.942935 0.393561 
1 0.51495 0.847191 0.452572 
1 0.625911 0.0818719 0.077422 
1 0.391192 0.881724 0.704951 
1 0.0193703 0.879884 0.798555 
1 0.871995 0.912976 0.0910654 
0.5 0.593374 0.115647 0.948526 
1 0.545516 0.894669 0.82793 
1 0.24291 0.971806 0.112916 
1 0.813459 0.991002 0.168126 
1 0.142096 0.935376 0.33215 
0.8 0.450979 0.0847454 0.429532 
1 0.683526 0.089672 0.560863 
1 0.693204 0.00658216 0.202792 
1 0.355378 0.991598 0.0443512 
1 0.888542 0.908243 0.618878 
1 0.548164 0.130403 0.389466 
1 0.129573 0.989038 0.637622 
1 0.0177654 0.0181006 0.849812 
1 0.307591 0.00247819 0.504149 
1 0.598054 0.0431573 0.116326 
1 0.29775 0.965141 0.446225 
1 0.640556 0.957249 0.13297 
1 0.14489 0.870448 0.921897 
1 0.917332 0.993737 0.0356542 
1 0.868329 0.137764 0.0166097 
1 0.125726 0.0476564 0.868295 
1 0.939869 0.925925 0.560737 
1 0.657936 0.0275605 0.561671 
1 0.163712 0.926637 0.456588 
1 0.777942 0.148531 0.350971 
1 0.828353 0.0502845 0.428593 
0.5 0.165837 0.945126 0.909605 
1 0.213412 0.0581706 0.109679 
1 0.904415 0.865181 0.254604 
1 0.419406 0.0151576 0.428765 
1 0.969032 0.0136617 0.684249 
0.666667 0.105021 0.150788 0.674154 
1 0.734838 0.930551 0.14161 
1 0.306693 0.867525 0.22073 
1 0.6079 0.0913386 0.964791 
1 0.372334 0.0233515 0.341855 
1 0.970128 0.985099 0.303126 
1 0.0231582 0.0414159 0.943425 
1 0.288091 0.952814 0.575944 
1 0.531763 0.027913 0.723203 
1 0.437477 0.94649 0.854172 
1 0.9097 0.0928652 0.891072 
1 0.926661 0.0707653 0.528727 
1 0.702711 0.141514 0.233381 
1 0.0607643 0.0956492 0.63613 
1 0.886215 0.160051 0.765029 
0.75 0.380638 0.122956 0.512283 
1 0.199961 0.134425 0.165016 
1 0.208542 0.986556 0.259523 
1 0.338401 0.9755 0.759183 
1 0.564914 0.123654 0.434334 
0.25 0.541976 0.850303 0.701674 
1 0.942124 0.0593292 0.0316221 
1 0.682123 0.949484 0.696511 
0.333333 0.858129 0.855802 0.265041 
1 0.88801 0.0382037 0.930293 
1 0.155986 0.0899517 0.640219 
0.5 0.0247615 0.0760898 0.404264 
1 0.139838 0.975461 0.847233 
1 0.315246 0.133841 0.941498 
1 0.752432 0.0774518 0.0793599 
1 0.654809 0.934626 0.463777 
1 0.911562 0.885074 0.873503 
0.5 0.586042 0.122215 0.581453 
1 0.692797 0.0571321 0.907419 
1 0.0235651 0.996309 0.335677 
1 0.174218 0.95549 0.872203 
1 0.323913 0.1541 0.888671 
1 0.574313 0.976037 0.625764 
1 0.438235 0.0908697 0.954765 
1 0.684739 0.993794 0.499213 
1 0.615712 0.978463 0.484959 
1 0.500628 0.968894 0.820347 
1 0.317351 0.0298855 0.977946 
1 0.216056 0.858776 0.0839903 
0.8 0.678007 0.105852 0.642844 
0.666667 0.703764 0.10015 0.102949 
1 0.794396 0.0662698 0.451995 
1 0.837738 0.963884 0.761813 
1 0.674338 0.865462 0.112828 
0.666667 0.864852 0.14394 0.221166 
1 0.103131 0.0260505 0.326703 
1 0.330185 0.895063 0.957467 
1 0.847579 0.89504 0.781362 
1 0.903169 0.0953779 0.434856 
1 0.498238 0.973444 0.333912 
1 0.913717 0.0988997 0.137238 
1 0.226088 0.13371 0.23155 
1 0.848661 0.00834932 0.784529 
1 0.861595 0.0724573 0.960049 
1 0.837117 0.855934 0.60464 
1 0.324138 0.921092 0.196899 
1 0.722297 0.915856 0.102612 
1 0.342815 0.037346 0.283 
1 0.678387 0.160924 0.754416 
1 0.0186761 0.064919 0.176903 
0.666667 0.584653 0.159364 0.426303 
1 0.00518969 0.160282 0.159655 
0.5 0.0123978 0.90939 0.0161565 
1 0.966054 0.15804 0.500298 
0.666667 0.398647 0.159027 0.698216 
0.75 0.497957 0.518706 0.450353 
1 0.893156 0.836614 0.31881 
0.333333 0.0806959 0.769887 0.332404 
1 0.110976 0.84494 0.964546 
1 0.00891296 0.992946 0.860429 
1 0.85953 0.161669 0.274722 
0.375 0.17213 0.268832 0.569278 
0.666667 0.643063 0.842702 0.929681 
1 0.432839 0 0.201953 
1 0.611164 0.158879 0.740013 
0.5 0.720098 0.840163 0.50562 
0 0.302432 0.675293 0.34539 
1 0.0022618 0.964987 0.712937 
0.5 0.527135 0.153759 0.993047 
0.75 0.331075 0.160329 0.134647 
0.153846 0.291342 0.343167 0.526705 
0.666667 0.606137 0.839025 0.59882 
0.666667 0.621827 0.845146 0.354234 
1 0.693136 0.0913363 0.986769 
1 0.0789034 0.160826 0.979989 
0.666667 0.00280441 0.0723049 0.590118 
0.5 0.196614 0.83348 0.287748 
1 0.240153 0.00574814 0.988935 
1 0.221616 0.921 0 
1 0.0114249 0.0709708 0.916045 
0.5 0.198123 0.840936 0.0572265 
0.5 0.719946 0.842513 0.220275 
0.6 0.511048 0.163244 0.579846 
0.666667 0.305974 0.157744 0.766243 
1 0.372375 0.00185826 0.260062 
1 0.981261 0.0464264 0.992538 
0.5 0.28946 0.841786 0.0408846 
1 0.927429 0.0044846 0.0584838 
1 0.668945 0.158995 0.8719 
1 0.00415189 0.0678153 0.924617 
1 1 0.145972 0.379309 
0.5 0.558758 0.844151 0.997924 
0.5 0.329598 0.159683 0.592922 
0.5 0.246785 0.843606 0.39594 
1 0.653623 0.155693 0.641182 
0.125 0.540988 0.376347 0.528962 
1 0.624837 0.0448831 0.00551387 
1 0.970987 0.842259 0.00351648 
1 0.0646214 0.0910431 0.00268145 
0.2 0.502726 0.548051 0.498922 
1 0.740041 0.995704 0.909481 
1 0.013571 0.903246 0.218076 
1 0.465501 0.840627 0.67635 
1 0.23587 0.158407 0.144065 
1 0.00247406 0.94161 0.245413 
1 0.791692 0.840784 0.977615 
1 0 0.873942 0.273632 
0 0.424588 0.643866 0.358288 
0.222222 0.570441 0.450085 0.472626 
0.5 0.268158 0.842949 0.579358 
0.5 0.175634 0.843268 0.975936 
0.125 0.506827 0.574694 0.613313 
1 0.604336 0.16256 0.964836 
1 0.776404 0.844116 0.592221 
0.444444 0.520319 0.454533 0.430913 
1 0.963786 0.0261097 0.995296 
0.75 0.287882 0.161117 0.777893 
0.5 0.147583 0.160603 0.396014 
0.5 0.597555 0.598439 0.67556 
1 0.0569423 0.0844186 1 
1 0.0342231 1 0.545057 
0.333333 0.449675 0.842113 0.246219 
1 0.0162124 0.95194 0.366282 
0.5 0.521192 0.99708 0.195996 
1 0.991032 0.879526 0.0868924 
0.5 0.0162943 0.870757 0.0775377 
1 0.818616 0.0611665 0.985606 
1 0.733373 0.843973 0.878409 
0 0.0620411 0.791184 0.317198 
1 0.640156 0.16073 0.037793 
1 0.713312 0.158258 0.300111 
1 0.302452 0.161803 0.981427 
1 0.450807 0.158641 0.89733 
1 0.833483 0.843128 0.227604 
1 0.496022 0.159808 0.0903632 
1 0.903406 0.843824 0.70336 
0.5 0.683775 0.840616 0.0760445 
0.222222 0.476638 0.527175 0.421864 
0.666667 0.13884 0.159053 0.171529 
1 0.371911 0.159976 0.447352 
0 0.171289 0.688255 0.369711 
0.5 0.644633 0.16071 0.855392 
0.333333 0.241656 0.158049 0.725495 
0.5 0.515801 0.153537 0.739939 
1 0.0381911 0.83767 0.218513 
0.333333 0.225628 0.324287 0.528309 
1 0.50995 0.162282 0.894555 
1 0.92242 0.160413 0.747764 
0.166667 0.215892 0.254775 0.562851 
1 0.103986 0.843243 0.77127 
1 0.871329 0.159471 0.3292 
0.666667 0.586608 0.843755 0.908901 
1 0.052658 0.158059 0.260831 
1 0.819151 0.160479 0.445948 
1 0.962743 0.160506 0.829187 
0.333333 0.0400712 0.83791 0.0751389 
0.75 0.0814623 0.842021 0.472304 
0.333333 0.348818 0.158846 0.623337 
0 0.621237 0.650354 0.329109 
1 0.191094 0.160869 0.0634901 
1 0.0909542 0.160922 0.465367 
0 0.38462 0.354922 0.541932 
1 0.58389 0.844786 0.526324 
1 0.0490084 0.157917 0.0141437 
0.5 0.43492 0.842183 0.167076 
0.666667 0.6722 0.842141 0.84261 
1 0.852572 0.156683 0.607079 
0.25 0.796646 0.833963 0.348352 
1 0.150029 0.160504 0.978172 
1 0.260324 0.838906 0.731219 
1 0.509609 0.839823 0.282257 
0.5 0.184665 0.156967 0.719667 
0.166667 0.211037 0.296983 0.565229 
0.5 0.281661 0.162235 0.228283 
1 0.0601995 0.845588 0.727999 
1 0.643088 0.837901 0.859739 
1 0.650583 0.159095 0.454021 
0 0.497025 0.582318 0.770357 
0.5 0.0983067 0.843273 0.536735 
1 0.847197 0.842945 0.123914 
1 0.15246 0.160456 0.318246 
0.666667 0.545107 0.561663 0.506945 
0.5 0.513414 0.843782 0.939697 
0 0.19323 0.727089 0.316668 
1 0.696609 0.156533 0.0910528 
0.333333 0.0835833 0.160164 0.813236 
0 0.574978 0.3601 0.550039 
1 0.891331 0.841609 0.256856 
1 0.646547 0.158981 0.676945 
0.5 0.807326 0.161063 0.811251 
1 0.438114 0.158979 0.0754322 
0.5 0.612027 0.840587 0.544648 
1 0.486436 0.563993 0.430297 
0.75 0.466077 0.84291 0.208643 
1 0.551965 0.844929 0.0442226 
0 0.779018 0.337913 0.524445 
1 0.353228 0.160031 0.79141 
1 0.439568 0.843723 0.64386 
1 0.961508 0.158384 0.599381 
0.333333 0.118668 0.821922 0.390553 
0.5 0.863832 0.157635 0.465552 
0.5 0.607334 0.158673 0.236054 
0.6 0.303444 0.162601 0.296682 
0.714286 0.545572 0.495049 0.418424 
1 0.78639 0.841627 0.146018 
1 0.970508 0.840594 0.770684 
1 0.0512915 0.163791 0.618923 
0.428571 0.183214 0.297641 0.556044 
1 0.598681 0.842847 0.913288 
1 0.863701 0.160732 0.81859 
0.666667 0.405828 0.158283 0.621276 
1 0.442215 0.844239 0.272858 
0.666667 0.383492 0.161299 0.758305 
0.333333 0.475519 0.44362 0.303524 
0.5 0.851472 0.841038 0.540222 
1 0.528675 0.155414 0.147633 
1 0.0732439 0.159082 0.223825 
0.333333 0.675781 0.158282 0.438648 
1 0.330633 0.838493 0.205353 
1 0.26437 0.84119 0.109125 
0.5 0.12709 0.159892 0.377151 
0 0.692536 0.355738 0.545747 
1 0.581637 0.844533 0.475804 
1 0.877966 0.161187 0.662486 
1 0.596989 0.158431 0.691473 
0.666667 0.248633 0.84368 0.209429 
0.5 0.146851 0.159835 0.156262 
1 0.2904 0.84262 0.22615 
0.125 0.572777 0.435424 0.455816 
0.333333 0.0882173 0.756245 0.361864 
0 0.574893 0.553312 0.582034 
0.5 0.315014 0.843752 0.928262 
1 0.682904 0.839658 0.666972 
1 0.559544 0.159199 0.864239 
1 0.344106 0.847574 0.0881286 
1 0.893963 0.84261 0.771635 
1 0.917346 0.160547 0.71499 
0.25 0.288518 0.329346 0.564371 
0 0.441537 0.638249 0.322803 
1 0.481509 0.49725 0.38485 
1 0.321969 0.839734 0.624383 
1 0.708245 0.838677 0.539734 
1 0.963801 0.841263 0.379749 
0.5 0.811739 0.160173 0.0863642 
1 0.96951 0.161444 0.794801 
1 0.754196 0.156681 0.289287 
0.5 0.713834 0.844734 0.910672 
1 0.449148 0.844627 0.693771 
1 0.696728 0.84431 0.405174 
0.666667 0.502984 0.502049 0.391005 
1 0.89259 0.158252 0.454674 
1 0.821219 0.841322 0.586166 
0.333333 0.246483 0.84614 0.191302 
1 0.490372 0.156548 0.229595 
1 0.761548 0.158564 0.618017 
0.5 0.382861 0.843353 0.935499 
1 0.970712 0.8411 0.820209 
1 0.334168 0.158449 0.222599 
1 0.494812 0.159385 0.3011 
0.5 0.178946 0.177871 0.484716 
1 0.311623 0.841947 0.463822 
0.5 0.726235 0.843047 0.651114 
1 0.41628 0.842434 0.768553 
0.5 0.484498 0.843189 0.884925 
1 0.894404 0.839682 0.0724355 
1 0.393476 0.842724 0.815777 
0.666667 0.508173 0.842265 0.753882 
1 0.101248 0.843104 0.880879 
0.333333 0.505029 0.475078 0.352601 
1 0.150183 0.839604 0.739119 
0.5 0.314137 0.844512 0.713263 
1 0.49341 0.161611 0.484467 
0.5 0.315588 0.843513 0.5865 
1 0.878293 0.161737 0.740804 
0.666667 0.687698 0.155361 0.677508 
0.5 0.431831 0.159151 0.809167 
0.666667 0.619177 0.159792 0.503381 
1 0.47318 0.844077 0.145954 
0.333333 0.367825 0.158044 0.138627 
0.5 0.581166 0.486473 0.467915 
1 0.570557 0.84415 0.278379 
1 0.811982 0.841495 0.846974 
1 0.146493 0.840394 0.0359951 
1 0.567244 0.156728 0.875849 
1 0.866782 0.16334 0.406962 
1 0.64442 0.840715 0.737147 
1 0.856717 0.84007 0.416347 
0.5 0.282688 0.842307 0.339757 
1 0.492696 0.841416 0.177551 
1 0.594753 0.15907 0.970952 
0.666667 0.357784 0.843959 0.501224 
1 0.751954 0.845652 0.204521 
1 0.373061 0.839737 0.1331 
1 0.654556 0.843163 0.529914 
1 0.304056 0.840279 0.927778 
1 0.118702 0.843283 0.158292 
0.5 0.137053 0.842597 0.789682 
0.5 0.284378 0.159003 0.181718 
1 0.71846 0.157928 0.76376 
1 0.338489 0.838621 0.668195 
0.666667 0.454065 0.842655 0.81791 
1 0.274868 0.158082 0.314194 
0.25 0.0769644 0.171729 0.504424 
1 0.897505 0.841738 0.896574 
1 0.17523 0.156725 0.413061 
1 0.406403 0.843667 0.928621 
1 0.427156 0.156684 0.935112 
1 0.96373 0.159522 0.30972 
0.333333 0.534757 0.840894 0.711354 
1 0.520108 0.158609 0.326154 
1 0.699301 0.844361 0.353224 
1 0.669187 0.158812 0.359269 
0.5 0.915014 0.166408 0.520769 
0.666667 0.301484 0.159756 0.576437 
1 0.658376 0.846484 0.590077 
1 0.734158 0.838839 0.162598 
1 0.868963 0.158164 0.664939 
1 0.542479 0.84271 0.78833 
0.75 0.127179 0.83958 0.732423 
1 0.541353 0.157896 0.343124 
0 0.494395 0.370753 0.519218 
1 0.486261 0.158789 0.827459 
1 0.098576 0.845763 0.974554 
1 0.559624 0.159541 0.964163 
1 0.456538 0.158308 0.397356 
0.2 0.207526 0.26078 0.506719 
0.666667 0.452322 0.159327 0.583551 
0.333333 0.160352 0.291303 0.530716 
1 0.291294 0.309255 0.528146 
0.5 0.490336 0.158499 0.465174 
0.2 0.171433 0.287021 0.562209 
0.5 0.502039 0.843496 0.366571 
1 0.325219 0.842991 0.260232 
1 0.984705 0.164483 0.935231 
1 0.284184 0.843675 0.0855188 
0.333333 0.526109 0.575776 0.402353 
0.5 0.0561495 0.157121 0.279251 
0.5 0.485031 0.596647 0.399837 
1 0.896172 0.163116 0.35754 
1 0.1597 0.84232 0.557336 
1 0.602454 0.843207 0.215716 
1 0.613606 0.158096 0.579181 
1 0.245363 0.159164 0.05284 
1 0.149772 0.156937 0.254533 
1 0.327728 0.158555 0.959101 
1 0.893036 0.16283 0.914056 
0.666667 0.319688 0.157123 0.384262 
0.5 0.521724 0.530323 0.404388 
1 0.106152 0.844029 0.655146 
1 0.110343 0.172942 0.492982 
1 0.0500362 0.157597 0.334025 
1 0.343084 0.840622 0.796117 
1 0.0875894 0.83814 0.733467 
1 0.938422 0.842584 0.939147 
1 0.671315 0.842253 0.7304 
1 0.62338 0.839659 0.917578 
1 0.888534 0.1593 0.355192 
1 0.546516 0.841227 0.652608 
1 0.58729 0.843771 0.710223 
1 0.597471 0.841881 0.246491 
1 0.087525 0.158528 0.31436 
0.666667 0.353653 0.158295 0.373613 
0.5 0.923015 0.16345 0.0791601 
1 0.0498082 0.84111 0.0838808 
0.5 0.258556 0.182956 0.549526 
1 0.613106 0.162519 0.652489 
1 0.521258 0.15636 0.922916 
0.666667 0.276746 0.158439 0.641347 
1 0.903795 0.841265 0.500055 
1 0.825202 0.846443 0.62147 
1 0.682203 0.157903 0.507999 
1 0.029465 0.163939 0.884952 
1 0.818437 0.842661 0.771684 
0 0.287824 0.678651 0.335319 
0.5 0.910477 0.837329 0.662656 
1 0.742271 0.84222 0.490199 
1 0.527853 0.844367 0.896036 
0 0.592563 0.559126 0.553785 
0.5 0.411063 0.841511 0.0780667 
0.5 0.323441 0.158973 0.820531 
1 0.871671 0.159996 0.147135 
1 0.876641 0.160245 0.554136 
1 0.38009 0.160479 0.728658 
0.5 0.387496 0.160583 0.165943 
0.333333 0.175936 0.838646 0.402208 
1 0.222815 0.843046 0.124512 
1 0.338333 0.841084 0.138345 
1 0.575335 0.846251 0.725094 
0.5 0.704106 0.157367 0.151639 
1 0.210671 0.842768 0.645471 
1 0.226071 0.158973 0.205596 
1 0.397827 0.842952 0.226358 
1 0.128355 0.160503 0.221826 
1 0.535093 0.844148 0.496274 
1 0.737935 0.844079 0.220177 
1 0.901917 0.839715 0.697936 
0.5 0.178101 0.159605 0.79719 
0.5 0.358126 0.843247 0.550854 
1 0.487858 0.843557 0.104709 
0.666667 0.392634 0.157242 0.664042 
0.25 0.555364 0.559461 0.488981 
1 0.876142 0.841907 0.18176 
0.5 0.832475 0.163258 0.078179 
1 0.750607 0.838325 0.144519 
1 0.504793 0.163942 0.497073 
1 0.327167 0.158326 0.490571 
1 0.907852 0.845061 0.073428 
1 0.120931 0.161103 0.0950247 
0.2 0.512875 0.572931 0.628123 
1 0.667864 0.840013 0.691137 
0.5 0.119031 0.158434 0.346351 
0 0.519969 0.638162 0.354429 
1 0.528316 0.840596 0.481039 
1 0.796822 0.159004 0.579402 
1 0.11319 0.844828 0.669698 
1 0.858416 0.8413 0.373164 
0.5 0.515495 0.841005 0.232807 
1 0.950994 0.840107 0.607471 
0.5 0.403748 0.841032 0.23485 
1 0.224802 0.840597 0.748686 
1 0.943925 0.843243 0.41554 
0 0.18602 0.295576 0.555046 
1 0.193264 0.84121 0.478434 
0.5 0.29492 0.158572 0.285205 
1 0.430606 0.838574 0.272291 
1 0.747766 0.842423 0.982303 
1 0.511254 0.840341 0.0816894 
0.666667 0.639077 0.844127 0.484537 
1 0.409391 0.163806 0.664179 
1 0.985627 0.845246 0.232091 
0.5 0.58512 0.545664 0.532035 
1 0.491287 0.517438 0.459627 
1 0.600265 0.159972 0.395074 
1 0.100766 0.158822 0.250293 
0.333333 0.375835 0.156138 0.321334 
1 0.951705 0.845214 0.0569285 
0.333333 0.0815461 0.161759 0.292539 
1 0.423373 0.843181 0.671467 
1 0.643512 0.162611 0.532851 
0 0.536877 0.402713 0.24139 
0.5 0.113537 0.238742 0.555824 
1 0.601262 0.156853 0.213855 
1 0.227235 0.155618 0.297296 
1 0.671301 0.841139 0.919844 
1 0.0809092 0.158279 0.111475 
1 0.941999 0.845782 0.573601 
1 0.0452788 0.841982 0.131535 
1 0.792131 0.840136 0.760738 
1 0.641633 0.839686 0.462732 
0 0.78778 0.6828 0.341203 
0.333333 0.481554 0.471525 0.385622 
1 0.513006 0.156219 0.365587 
1 0.300914 0.158121 0.678573 
1 0.345353 0.841988 0.943937 
1 0.8821 0.162209 0.219516 
1 0.806779 0.845876 0.683136 
1 0.130915 0.162475 0.348699 
1 0.0188467 0.159167 0.583979 
1 0.688586 0.159265 0.264499 
1 0.628932 0.160595 0.126956 
0.5 0.297974 0.841362 0.859251 
0.25 0.362058 0.164241 0.316537 
1 0.146291 0.159837 0.154376 
1 0.447858 0.844818 0.789516 
0.333333 0.236287 0.186165 0.497225 
1 0.46448 0.159383 0.60244 
0.5 0.407929 0.843655 0.247853 
1 0.490904 0.160518 0.421132 
1 0.937064 0.84413 0.304146 
1 0.932067 0.83788 0.51103 
1 0.955788 0.842752 0.528526 
1 0.858212 0.842699 0.863717 
1 0.440643 0.160798 0.983298 
1 0.598731 0.845349 0.259099 
1 0.803669 0.160182 0.469246 
0.5 0.573616 0.845563 0.187454 
1 0.919651 0.842457 0.600714 
1 0.071809 0.161266 0.0779828 
1 0.284723 0.161669 0.666588 
1 0.244881 0.843881 0.744734 
0.5 0.690625 0.160294 0.468449 
1 0.648131 0.842047 0.415981 
1 0.637619 0.15962 0.792015 
1 0.0926063 0.161513 0.912458 
1 0.862739 0.160552 0.323279 
0.5 0.260616 0.843254 0.265672 
1 0.57132 0.845618 0.393646 
1 0.678097 0.15958 0.472445 
1 0.0451683 0.159991 0.356693 
1 0.498775 0.842302 0.0884595 
1 0.252255 0.160219 0.160028 
1 0.515824 0.15808 0.453176 
1 0.171699 0.842564 0.130176 
1 0.940944 0.161388 0.659077 
1 0.455193 0.157807 0.454447 
0.25 0.751624 0.158708 0.692137 
1 0.134005 0.16096 0.945563 
1 0.599832 0.160995 0.489602 
1 0.283593 0.847932 0.510769 
1 0.25966 0.844312 0.860812 
1 0.831725 0.158589 0.47481 
1 0.329409 0.843122 0.0918774 
1 0.472993 0.8383 0.876368 
1 0.0127059 0.838769 0.79027 
0.333333 0.813856 0.842786 0.358372 
1 0.491246 0.43508 0.272587 
1 0.28378 0.163394 0.565785 
1 0.470436 0.842064 0.211318 
1 0.534265 0.842044 0.771621 
1 0.469439 0.843895 0.983405 
1 0.683852 0.162928 0.49676 
0.25 0.812343 0.163426 0.0403975 
1 0.0209924 0.163627 0.312108 
1 0.142651 0.841033 0.651441 
1 0.219152 0.844266 0.71471 
1 0.551895 0.844532 0.0914109 
1 0.29483 0.844524 0.607524 
1 0.522729 0.437251 0.260211 
0.5 0.20649 0.843079 0.650997 
0 0.246066 0.321142 0.571664 
1 0.347031 0.842234 0.936099 
1 0.68909 0.156997 0.753175 
1 0.959815 0.840588 0.178846 
1 0.188588 0.160592 0.675087 
1 0.605648 0.161614 0.295976 
1 0.265064 0.158532 0.365774 
0 0.158275 0.249001 0.571534 
1 0.687937 0.841065 0.800522 
