ZTunnel3

Gauss
Nodes	50	1534.2	797.169	49	1479.57	706.564
CD	50	264630	113326	49	257261	101932
Time	50	55.3043	40.6549	48	49.4844	29.2388

Gauss_RRT
Nodes	50	102.56	14.4141	50	102.56	14.4141
CD	50	19058.4	5498.93	47	18032.8	3740.67
RRTTime	50	5.51194	5.05656	47	4.52352	2.95228
ccOps	50	41.24	18.5381	48	38.9583	15.0263
numRRTs	50	1.06	0.237487	47	1	3.21896e-136
RRTVert	50	74.16	12.3925	49	73.3673	11.1935
Time	50	6.99346	5.12556	47	5.98294	2.96131

OBPRM
Nodes	50	6289.9	3171.3	47	5721.81	2287.17
CD	50	1.47609e+06	701042	47	1.35118e+06	509011
Time	50	563.282	549.655	45	416.877	256.72

OBPRM_RRT
Nodes	50	119.22	53.2816	48	109.646	23.1287
CD	50	28741.4	14194.3	48	26568	9353.04
RRTTime	50	6.71696	7.792	43	4.04222	2.90814
ccOps	50	36.92	26.2029	47	31.9787	17.3236
numRRTs	50	1.18	0.622575	44	1	3.32689e-136
RRTVert	50	78.52	32.1939	48	73.3333	12.6513
Time	50	8.82908	8.4778	42	5.64395	2.57072

Toggle
Nodes	21	21716.2	7413.09	21	21716.2	7413.09
CD	21	2.59661e+06	762205	21	2.59661e+06	762205
Time	21	15460.8	8968.44	21	15460.8	8968.44

Toggle_RRT
Nodes	50	205.38	286.681	48	151.896	75.4761
CD	50	52714.8	55524	48	42924.7	24952.7
RRTTime	50	9.58833	21.0563	44	4.60462	2.24589
ccOps	50	160.56	271.256	45	94.3556	67.2102
numRRTs	50	1.58	1.76737	38	1	3.57992e-136
RRTVert	50	69.12	12.5294	47	69.7234	10.6745
Time	50	15.0937	31.778	46	8.31093	4.0621

Uniform
Nodes	50	17913.1	9374.46	46	15764.7	5973.23
CD	50	1.82086e+06	763634	48	1.72507e+06	614288
Time	50	3671.26	4383.77	46	2524.09	1753.76

Uniform_RRT
Nodes	50	308.28	319.961	48	259.583	150.721
CD	50	65613.9	53432.8	49	59838.6	35293.2
RRTTime	50	5.76254	5.03398	47	4.71841	2.79435
ccOps	50	212.46	291.647	48	168.188	136.151
numRRTs	50	1.16	0.366606	42	1	3.40518e-136
RRTVert	50	68.12	11.5475	47	69.8298	9.61895
Time	50	11.7789	11.3723	48	9.95303	5.22784

RRT
Nodes	50	3358.08	2123.91	48	3099.15	1737.81
CD	50	83729.8	45756.9	49	80973.8	41912.3
Time	50	485.33	633.65	47	352.61	347.096
