ZTunnel4

Gauss
Nodes	49	24786.5	6984.08	49	24786.5	6984.08
CD	49	2.69643e+06	679871	49	2.69643e+06	679871
Time	49	12686.2	7365.58	49	12686.2	7365.58

Gauss_RRT
Nodes	50	152.24	37.6147	48	147.688	30.7071
CD	50	27890.6	9435.2	50	27890.6	9435.2
RRTTime	50	13.193	9.19251	47	11.4191	5.851
ccOps	50	62.68	39.3194	46	53.6739	25.3369
numRRTs	50	1.06	0.237487	47	1	3.21896e-136
RRTVert	50	99.54	10.9694	49	98.898	10.1081
Time	50	15.4414	9.59292	47	13.5982	6.05744

OBPRM
Nodes	21	29572	3205.45	21	29572	3205.45
CD	21	6.42273e+06	675048	21	6.42273e+06	675048
Time	21	24350.4	6938.07	21	24350.4	6938.07

OBPRM_RRT
Nodes	50	158.16	58.1633	46	143.63	25.0038
CD	50	36422.8	18421.9	47	32674.8	10045.5
RRTTime	50	17.784	18.7369	47	14.0572	8.24783
ccOps	50	52.02	54.9289	43	34.4419	16.7281
numRRTs	50	1.16	0.542586	45	1	3.28972e-136
RRTVert	50	100.72	14.5218	49	100.041	13.8608
Time	50	20.3002	19.5227	48	17.0987	9.63914

Toggle

Toggle_RRT
Nodes	50	242.12	171.892	46	200.283	98.1531
CD	50	56180.4	35979	49	53779.6	32135.6
RRTTime	50	21.6706	23.9694	44	13.7133	8.17411
ccOps	50	168.6	167.702	46	127.717	96.8869
numRRTs	50	1.18	0.589576	45	1	3.28972e-136
RRTVert	50	93.4	13.947	50	93.4	13.947
Time	50	26.7998	26.6719	47	21.35	15.4557

Uniform

Uniform_RRT
Nodes	50	859.84	693.749	49	819.429	639.887
CD	50	130004	88780	49	124418	80513.3
RRTTime	50	27.8101	67.1603	44	13.7273	7.63835
ccOps	50	691.26	622.311	49	655.469	575.435
numRRTs	50	1.12	0.587878	47	1	3.21896e-136
RRTVert	50	91.5	12.8082	50	91.5	12.8082
Time	50	45.7998	77.1408	48	33.8116	23.4572

RRT
Nodes	50	6598.02	5640.09	49	6122.29	4598.22
CD	50	130356	96156.8	49	122672	80512.4
Time	50	1959.47	3696.76	43	773.689	934.382
