ZTunnel2

Gauss
Nodes	50	216.54	125.251	49	206.061	102.555
CD	50	130241	53397	49	126375	46496.8
Time	50	14.7224	6.8606	50	14.7224	6.8606

Gauss_RRT
Nodes	50	135.56	114.165	46	110.848	80.2114
CD	50	77907.2	61327.3	50	77907.2	61327.3
RRTTime	47	2.29508	1.54062	45	2.09033	1.20182
ccOps	50	137	122.793	50	137	122.793
numRRTs	45	1.15556	0.362433	38	1	3.57992e-136
RRTVert	45	22.8222	16.1028	44	21.6818	14.3761
Time	50	11.3282	8.3256	50	11.3282	8.3256

OBPRM
Nodes	50	1414.68	1078.28	46	1173.43	641.478
CD	50	615781	361768	48	564831	261109
Time	50	90.5902	81.4881	43	63.5883	26.4376

OBPRM_RRT
Nodes	50	165.12	318.562	43	69.4186	18.1342
CD	50	91874.6	141998	43	46399.8	16968.8
RRTTime	50	5.56881	15.9857	44	2.03337	1.57452
ccOps	50	119.22	283.575	41	28.2439	14.32
numRRTs	50	1.42	1.23434	40	1	3.48927e-136
RRTVert	50	34.56	13.1349	47	33.7872	10.8666
Time	50	14.1682	28.6865	43	5.9896	2.47887

Toggle
Nodes	50	1682.4	1430.22	47	1358.72	586.619
CD	50	855070	510600	47	743054	245888
Time	50	163.754	253.456	47	107.671	52.0402

Toggle_RRT
Nodes	50	224.82	413.533	43	97.186	50.637
CD	50	152031	208080	43	82481.1	44887.2
RRTTime	50	4.06194	6.04907	43	2.0864	1.72494
ccOps	50	234.22	436.497	43	95.0465	60.9849
numRRTs	50	1.46	0.899111	48	1.33333	0.656167
RRTVert	50	32.24	23.8777	49	29.2041	10.9972
Time	50	18.9997	30.6387	44	10.5848	7.54751

Uniform
Nodes	50	1437.84	995.708	44	1132.07	392.623
CD	50	640235	313840	45	554752	156288
Time	50	80.0467	68.8159	44	59.614	20.2074

Uniform_RRT
Nodes	50	215.52	293.756	41	99.5122	53.2761
CD	50	126050	142598	42	70912.4	44960.4
RRTTime	49	2.42657	2.15123	47	2.14448	1.68001
ccOps	50	170.64	270.314	42	68.9286	67.276
numRRTs	49	1.16327	0.42122	42	1	3.40518e-136
RRTVert	49	30.3061	12.08	49	30.3061	12.08
Time	50	12.4614	12.665	43	8.11909	4.87449

RRT
Nodes	50	1333.38	1340.73	47	1059.53	810.285
CD	50	88370.7	67968.8	47	75148.5	44610.7
Time	50	102.099	219.527	45	40.6636	48.6973
