ZTunnel1

Gauss
Nodes	50	169.6	109.433	43	132.837	55.9788
CD	50	212161	98801.2	46	191700	71227.7
Time	50	24.7497	12.361	45	21.6316	8.1166

Gauss_RRT
Nodes	50	103.68	73.2217	49	96.3469	52.746
CD	50	130318	83509.5	49	123402	68736.4
RRTTime	41	1.58466	0.871351	40	1.52099	0.782329
ccOps	50	113.94	87.1967	49	106.959	72.9509
numRRTs	38	1.10526	0.306892	34	1	3.78465e-136
RRTVert	38	18.2368	13.6313	38	18.2368	13.6313
Time	50	16.0196	10.4184	49	15.1388	8.48324

OBPRM
Nodes	50	1119.14	1191.49	47	870.255	631.572
CD	50	967539	708809	47	825468	421527
Time	50	125.398	119.324	47	100.195	62.5303

OBPRM_RRT
Nodes	50	141.12	250.481	43	62.3953	20.0907
CD	50	163440	223305	43	87345.1	40874.5
RRTTime	50	2.60478	1.84578	44	2.01817	0.812625
ccOps	50	107.78	246.681	41	24.9512	14.8881
numRRTs	48	1.1875	0.526634	41	1	3.44646e-136
RRTVert	48	31.2708	15.8558	45	30.4667	8.77015
Time	50	18.7945	24.7889	43	10.3194	4.9803

Toggle
Nodes	50	1023.8	717.704	48	934.167	565.641
CD	50	1.20724e+06	616661	48	1.13641e+06	512813
Time	50	131.168	83.7609	48	120.095	64.0063

Toggle_RRT
Nodes	50	237.02	312.772	42	111.69	89.271
CD	50	343056	373285	43	208985	166078
RRTTime	50	2.70827	1.86357	46	2.29543	1.24007
ccOps	50	246.74	330.231	42	117.524	98.7149
numRRTs	49	1.5102	0.90627	46	1.32609	0.553815
RRTVert	49	24.6327	11.4815	49	24.6327	11.4815
Time	50	31.6234	30.7944	44	21.9282	16.2255

Uniform
Nodes	50	994.66	722.108	47	850.894	451.769
CD	50	988985	514400	47	892039	350313
Time	50	98.121	62.0305	47	86.1337	40.2331

Uniform_RRT
Nodes	50	137.24	208.379	45	84.9778	29.8742
CD	50	178508	210656	47	130586	65607.7
RRTTime	49	1.96797	1.25067	48	1.83181	0.829639
ccOps	50	101.38	191.79	47	57.6809	38.8029
numRRTs	49	1.10204	0.302702	44	1	3.32689e-136
RRTVert	49	27.6327	9.92357	49	27.6327	9.92357
Time	50	16.7798	17.3364	47	13.0254	5.64418

RRT
Nodes	50	991.78	710.843	47	858.17	447.507
CD	50	142315	73522.9	48	132326	54370.5
Time	50	45.861	59.5304	44	29.311	20.9209
