      1     28     52    156
      1     52
4.000000  1.000000  0.000000
4.000000  1.000000  -4.000000
4.000000  0.000000  -4.000000
4.000000  0.000000  0.000000
5.000000  0.000000  -4.000000
5.000000  0.000000  0.000000
5.000000  1.000000  0.000000
5.000000  1.000000  -4.000000
1.000000  0.000000  0.000000
1.000000  1.000000  0.000000
5.000000  1.000000  1.000000
5.000000  0.000000  1.000000
1.000000  0.000000  1.000000
1.000000  1.000000  1.000000
1.000000  1.000000  5.000000
1.000000  0.000000  5.000000
0.000000  0.000000  0.000000
0.000000  1.000000  0.000000
0.000000  0.000000  5.000000
0.000000  1.000000  5.000000
-1.000000  2.500000  -4.000000
-1.000000  -2.500000  -4.000000
-1.000000  -2.500000  5.000000
-1.000000  2.500000  5.000000
6.000000  2.500000  -4.000000
6.000000  2.500000  5.000000
6.000000  -2.500000  -4.000000
6.000000  -2.500000  5.000000
1 2 -3
3 4 -1
4 3 -5
5 6 -4
7 8 -2
2 1 -7
6 5 -8
8 7 -6
4 9 -10
10 1 -4
6 7 -11
11 12 -6
13 12 -11
11 14 -13
13 9 -6
6 12 -13
10 14 -11
11 7 -10
14 15 -16
16 13 -14
17 18 -10
10 9 -17
19 20 -18
18 17 -19
16 19 -17
17 9 -16
20 15 -10
10 18 -20
21 22 -23
23 24 -21
25 21 -24
24 26 -25
27 25 -26
26 28 -27
22 27 -28
28 23 -22
25 8 -2
2 21 -25
3 22 -21
21 2 -3
27 22 -3
3 5 -27
25 27 -5
5 8 -25
23 28 -16
16 19 -23
26 15 -16
16 28 -26
24 20 -15
15 26 -24
24 23 -19
19 20 -24
